xof 0303txt 0032

template XSkinMeshHeader {
  <3cf169ce-ff7c-44ab-93c0-f78f62d172e2>
  WORD nMaxSkinWeightsPerVertex;
  WORD nMaxSkinWeightsPerFace;
  WORD nBones;
}

template SkinWeights {
  <6f0d123b-bad2-4167-a0d0-80224f25fabb>
  STRING transformNodeName;
  DWORD nWeights;
  array DWORD vertexIndices[nWeights];
  array float weights[nWeights];
  Matrix4x4 matrixOffset;
}

Frame Root {
  FrameTransformMatrix {
     1.000000, 0.000000, 0.000000, 0.000000,
     0.000000,-0.000000,-1.000000, 0.000000,
     0.000000, 1.000000,-0.000000, 0.000000,
     0.000000, 0.000000, 0.000000, 1.000000;;
  }
  Frame Armature {
    FrameTransformMatrix {
       0.100000, 0.000000, 0.000000, 0.000000,
       0.000000,-0.000000, 0.100000, 0.000000,
       0.000000,-0.100000,-0.000000, 0.000000,
       0.000000, 0.000000, 0.000000, 1.000000;;
    }
    Frame Armature_mixamorig_Hips {
      FrameTransformMatrix {
         0.937667, 0.109041,-0.329986, 0.000000,
         0.056258, 0.889358, 0.453737, 0.000000,
         0.342951,-0.444019, 0.827787, 0.000000,
         3.921314,69.185242,45.788719, 1.000000;;
      }
      Frame Armature_mixamorig_LeftUpLeg {
        FrameTransformMatrix {
          -0.994586, 0.102167,-0.018960, 0.000000,
          -0.019247,-0.001694, 0.998914, 0.000000,
           0.102116, 0.994765, 0.003609, 0.000000,
           9.789107,-5.875888,-0.583683, 1.000000;;
        }
        Frame Armature_mixamorig_LeftLeg {
          FrameTransformMatrix {
             0.876630,-0.461455,-0.136310, 0.000000,
            -0.072171, 0.153985,-0.985435, 0.000000,
             0.475723, 0.873699, 0.101684, 0.000000,
             0.000001,41.702011, 0.000010, 1.000000;;
          }
          Frame Armature_mixamorig_LeftFoot {
            FrameTransformMatrix {
               0.986192, 0.136923,-0.093149, 0.000000,
               0.028087, 0.416035, 0.908915, 0.000000,
               0.163205,-0.898981, 0.406445, 0.000000,
              -0.000000,36.981358, 0.000002, 1.000000;;
            }
            Frame Armature_mixamorig_LeftToeBase {
              FrameTransformMatrix {
                 0.991959, 0.017569, 0.125340, 0.000000,
                -0.098397, 0.729917, 0.676416, 0.000000,
                -0.079604,-0.683309, 0.725776, 0.000000,
                -0.000005,16.707951,-0.000001, 1.000000;;
              }
              Frame Armature_mixamorig_LeftToe_End {
                FrameTransformMatrix {
                   1.000000,-0.000000,-0.000000, 0.000000,
                   0.000000, 1.000000, 0.000000, 0.000000,
                   0.000000,-0.000000, 1.000000, 0.000000,
                   0.000005, 7.126366,-0.000000, 1.000000;;
                }
              } // End of Armature_mixamorig_LeftToe_End
            } // End of Armature_mixamorig_LeftToeBase
          } // End of Armature_mixamorig_LeftFoot
        } // End of Armature_mixamorig_LeftLeg
      } // End of Armature_mixamorig_LeftUpLeg
      Frame Armature_mixamorig_RightUpLeg {
        FrameTransformMatrix {
          -0.859684, 0.216191,-0.463441, 0.000000,
          -0.124200,-0.967301,-0.221500, 0.000000,
          -0.495498,-0.132629, 0.859584, 0.000000,
          -9.857689,-5.875866,-0.583676, 1.000000;;
        }
        Frame Armature_mixamorig_RightLeg {
          FrameTransformMatrix {
             0.984046,-0.084052,-0.156810, 0.000000,
            -0.011738, 0.848783,-0.528613, 0.000000,
             0.177529, 0.522019, 0.834254, 0.000000,
            -0.000002,41.702003,-0.000001, 1.000000;;
          }
          Frame Armature_mixamorig_RightFoot {
            FrameTransformMatrix {
               0.987576, 0.141963, 0.067376, 0.000000,
              -0.145877, 0.668837, 0.728957, 0.000000,
               0.058421,-0.729729, 0.681236, 0.000000,
               0.000001,36.980408,-0.000003, 1.000000;;
            }
            Frame Armature_mixamorig_RightToeBase {
              FrameTransformMatrix {
                 0.838589, 0.343728,-0.422635, 0.000000,
                 0.422196, 0.080204, 0.902950, 0.000000,
                 0.344266,-0.935638,-0.077862, 0.000000,
                 0.000000,16.687992,-0.000004, 1.000000;;
              }
              Frame Armature_mixamorig_RightToe_End {
                FrameTransformMatrix {
                   1.000000,-0.000000,-0.000000, 0.000000,
                   0.000000, 1.000000, 0.000000, 0.000000,
                   0.000000,-0.000000, 1.000000, 0.000000,
                   0.000002, 7.110364,-0.000000, 1.000000;;
                }
              } // End of Armature_mixamorig_RightToe_End
            } // End of Armature_mixamorig_RightToeBase
          } // End of Armature_mixamorig_RightFoot
        } // End of Armature_mixamorig_RightLeg
      } // End of Armature_mixamorig_RightUpLeg
      Frame Armature_mixamorig_Spine {
        FrameTransformMatrix {
           0.898844,-0.221221,-0.378338, 0.000000,
           0.293125, 0.945210, 0.143716, 0.000000,
           0.325816,-0.240079, 0.914443, 0.000000,
           0.017331,10.574816,-1.117230, 1.000000;;
        }
        Frame Armature_mixamorig_Spine1 {
          FrameTransformMatrix {
             0.992523,-0.055484,-0.108716, 0.000000,
             0.061379, 0.996777, 0.051650, 0.000000,
             0.105500,-0.057937, 0.992730, 0.000000,
             0.000003,12.405984,-0.000006, 1.000000;;
          }
          Frame Armature_mixamorig_Spine2 {
            FrameTransformMatrix {
               0.992388,-0.057317,-0.108995, 0.000000,
               0.073815, 0.985321, 0.153930, 0.000000,
               0.098572,-0.160803, 0.982052, 0.000000,
               0.000005,14.178267,-0.000004, 1.000000;;
            }
            Frame Armature_mixamorig_LeftShoulder {
              FrameTransformMatrix {
                -0.073500, 0.026574,-0.996941, 0.000000,
                 0.852326,-0.517368,-0.076629, 0.000000,
                -0.517821,-0.855351, 0.015377, 0.000000,
                 5.934974,13.670221,-1.662612, 1.000000;;
              }
              Frame Armature_mixamorig_LeftArm {
                FrameTransformMatrix {
                   0.974200,-0.016088,-0.225109, 0.000000,
                   0.147056, 0.801881, 0.579104, 0.000000,
                   0.171194,-0.597267, 0.783559, 0.000000,
                   0.000006,12.607904,-0.000012, 1.000000;;
                }
                Frame Armature_mixamorig_LeftForeArm {
                  FrameTransformMatrix {
                     0.459344, 0.862861, 0.210889, 0.000000,
                    -0.866284, 0.487654,-0.108376, 0.000000,
                    -0.196354,-0.132908, 0.971484, 0.000000,
                    -0.000009,25.574339,-0.000002, 1.000000;;
                  }
                  Frame Armature_mixamorig_LeftHand {
                    FrameTransformMatrix {
                       0.906889, 0.418306, 0.050724, 0.000000,
                      -0.418644, 0.880798, 0.221206, 0.000000,
                       0.047854,-0.221844, 0.973907, 0.000000,
                       0.000005,21.603378, 0.000000, 1.000000;;
                    }
                    Frame Armature_mixamorig_LeftHandIndex1 {
                      FrameTransformMatrix {
                         0.988688, 0.136286, 0.062622, 0.000000,
                        -0.083140, 0.150493, 0.985109, 0.000000,
                         0.124833,-0.979172, 0.160121, 0.000000,
                        -2.341894, 9.909746,-0.291361, 1.000000;;
                      }
                      Frame Armature_mixamorig_LeftHandIndex2 {
                        FrameTransformMatrix {
                           0.997049, 0.076769, 0.000078, 0.000000,
                          -0.029501, 0.382204, 0.923607, 0.000000,
                           0.070875,-0.920884, 0.383341, 0.000000,
                          -0.000005, 3.776732, 0.000002, 1.000000;;
                        }
                        Frame Armature_mixamorig_LeftHandIndex3 {
                          FrameTransformMatrix {
                             0.999415,-0.011739,-0.032139, 0.000000,
                             0.034216, 0.348797, 0.936574, 0.000000,
                             0.000216,-0.937125, 0.348994, 0.000000,
                             0.000001, 2.543046, 0.000002, 1.000000;;
                          }
                          Frame Armature_mixamorig_LeftHandIndex4 {
                            FrameTransformMatrix {
                               1.000000, 0.000000,-0.000000, 0.000000,
                              -0.000000, 1.000000, 0.000000, 0.000000,
                               0.000000,-0.000000, 1.000000, 0.000000,
                              -0.000002, 2.529055,-0.000001, 1.000000;;
                            }
                          } // End of Armature_mixamorig_LeftHandIndex4
                        } // End of Armature_mixamorig_LeftHandIndex3
                      } // End of Armature_mixamorig_LeftHandIndex2
                    } // End of Armature_mixamorig_LeftHandIndex1
                    Frame Armature_mixamorig_LeftHandMiddle1 {
                      FrameTransformMatrix {
                         0.994523,-0.041946, 0.095733, 0.000000,
                        -0.093215, 0.058363, 0.993934, 0.000000,
                        -0.047278,-0.997414, 0.054134, 0.000000,
                         0.000027, 9.700761, 0.000015, 1.000000;;
                      }
                      Frame Armature_mixamorig_LeftHandMiddle2 {
                        FrameTransformMatrix {
                           0.996326, 0.085633, 0.001398, 0.000000,
                          -0.021202, 0.230803, 0.972769, 0.000000,
                           0.082979,-0.969225, 0.231771, 0.000000,
                           0.000000, 4.014635, 0.000001, 1.000000;;
                        }
                        Frame Armature_mixamorig_LeftHandMiddle3 {
                          FrameTransformMatrix {
                             0.999616,-0.009141,-0.026175, 0.000000,
                             0.027673, 0.386799, 0.921749, 0.000000,
                             0.001699,-0.922119, 0.386903, 0.000000,
                            -0.000007, 2.996716,-0.000001, 1.000000;;
                          }
                          Frame Armature_mixamorig_LeftHandMiddle4 {
                            FrameTransformMatrix {
                               1.000000, 0.000000, 0.000000, 0.000000,
                              -0.000000, 1.000000,-0.000011, 0.000000,
                              -0.000000, 0.000011, 1.000000, 0.000000,
                              -0.000004, 2.824976,-0.000006, 1.000000;;
                            }
                          } // End of Armature_mixamorig_LeftHandMiddle4
                        } // End of Armature_mixamorig_LeftHandMiddle3
                      } // End of Armature_mixamorig_LeftHandMiddle2
                    } // End of Armature_mixamorig_LeftHandMiddle1
                    Frame Armature_mixamorig_LeftHandPinky1 {
                      FrameTransformMatrix {
                         0.977786,-0.143459, 0.152822, 0.000000,
                        -0.143501, 0.073273, 0.986934, 0.000000,
                        -0.152782,-0.986940, 0.051058, 0.000000,
                         4.712735, 8.985468,-0.221628, 1.000000;;
                      }
                      Frame Armature_mixamorig_LeftHandPinky2 {
                        FrameTransformMatrix {
                           0.999999, 0.001431, 0.001034, 0.000000,
                          -0.001386, 0.273861, 0.961768, 0.000000,
                           0.001093,-0.961768, 0.273863, 0.000000,
                          -0.000002, 3.562525, 0.000009, 1.000000;;
                        }
                        Frame Armature_mixamorig_LeftHandPinky3 {
                          FrameTransformMatrix {
                             0.999999, 0.001106, 0.000415, 0.000000,
                            -0.001043, 0.661983, 0.749518, 0.000000,
                             0.000554,-0.749518, 0.661984, 0.000000,
                             0.000001, 2.335183,-0.000002, 1.000000;;
                          }
                          Frame Armature_mixamorig_LeftHandPinky4 {
                            FrameTransformMatrix {
                               1.000000, 0.000000, 0.000000, 0.000000,
                               0.000000, 1.000000,-0.000007, 0.000000,
                              -0.000000, 0.000007, 1.000000, 0.000000,
                              -0.000003, 2.037309,-0.000003, 1.000000;;
                            }
                          } // End of Armature_mixamorig_LeftHandPinky4
                        } // End of Armature_mixamorig_LeftHandPinky3
                      } // End of Armature_mixamorig_LeftHandPinky2
                    } // End of Armature_mixamorig_LeftHandPinky1
                    Frame Armature_mixamorig_LeftHandRing1 {
                      FrameTransformMatrix {
                         0.994615,-0.067990, 0.078217, 0.000000,
                        -0.078884,-0.007184, 0.996858, 0.000000,
                        -0.067214,-0.997660,-0.012508, 0.000000,
                         2.241708, 9.308405,-0.143548, 1.000000;;
                      }
                      Frame Armature_mixamorig_LeftHandRing2 {
                        FrameTransformMatrix {
                           0.999741, 0.012034, 0.019294, 0.000000,
                          -0.022676, 0.464648, 0.885205, 0.000000,
                           0.001688,-0.885414, 0.464800, 0.000000,
                           0.000001, 4.019407, 0.000000, 1.000000;;
                        }
                        Frame Armature_mixamorig_LeftHandRing3 {
                          FrameTransformMatrix {
                             0.999789,-0.020431, 0.002012, 0.000000,
                             0.004223, 0.300553, 0.953756, 0.000000,
                            -0.020091,-0.953546, 0.300576, 0.000000,
                             0.000003, 2.790820,-0.000000, 1.000000;;
                          }
                          Frame Armature_mixamorig_LeftHandRing4 {
                            FrameTransformMatrix {
                               1.000000, 0.000000, 0.000000, 0.000000,
                              -0.000000, 1.000000, 0.000012, 0.000000,
                              -0.000000,-0.000012, 1.000000, 0.000000,
                              -0.000001, 2.540731, 0.000000, 1.000000;;
                            }
                          } // End of Armature_mixamorig_LeftHandRing4
                        } // End of Armature_mixamorig_LeftHandRing3
                      } // End of Armature_mixamorig_LeftHandRing2
                    } // End of Armature_mixamorig_LeftHandRing1
                    Frame Armature_mixamorig_LeftHandThumb1 {
                      FrameTransformMatrix {
                         0.857893, 0.512733, 0.033534, 0.000000,
                        -0.403427, 0.631710, 0.661960, 0.000000,
                         0.318224,-0.581419, 0.748789, 0.000000,
                        -2.370372, 3.545619, 1.908233, 1.000000;;
                      }
                      Frame Armature_mixamorig_LeftHandThumb2 {
                        FrameTransformMatrix {
                           0.922590,-0.322805,-0.211245, 0.000000,
                           0.321793, 0.945959,-0.040132, 0.000000,
                           0.212784,-0.030952, 0.976609, 0.000000,
                          -0.000000, 2.808395,-0.000009, 1.000000;;
                        }
                        Frame Armature_mixamorig_LeftHandThumb3 {
                          FrameTransformMatrix {
                             0.590302, 0.029089,-0.806658, 0.000000,
                             0.439596, 0.826561, 0.351497, 0.000000,
                             0.676978,-0.562094, 0.475133, 0.000000,
                            -0.000004, 2.378953, 0.000002, 1.000000;;
                          }
                          Frame Armature_mixamorig_LeftHandThumb4 {
                            FrameTransformMatrix {
                               1.000000,-0.000000,-0.000000, 0.000000,
                               0.000000, 1.000000,-0.000000, 0.000000,
                               0.000000, 0.000000, 1.000000, 0.000000,
                               0.000001, 2.444963,-0.000007, 1.000000;;
                            }
                          } // End of Armature_mixamorig_LeftHandThumb4
                        } // End of Armature_mixamorig_LeftHandThumb3
                      } // End of Armature_mixamorig_LeftHandThumb2
                    } // End of Armature_mixamorig_LeftHandThumb1
                  } // End of Armature_mixamorig_LeftHand
                } // End of Armature_mixamorig_LeftForeArm
              } // End of Armature_mixamorig_LeftArm
            } // End of Armature_mixamorig_LeftShoulder
            Frame Armature_mixamorig_Neck {
              FrameTransformMatrix {
                 0.969156, 0.132860, 0.207568, 0.000000,
                -0.107199, 0.985653,-0.130370, 0.000000,
                -0.221911, 0.104098, 0.969494, 0.000000,
                 0.024437,15.862267,-1.675824, 1.000000;;
              }
              Frame Armature_mixamorig_Head {
                FrameTransformMatrix {
                   0.876227, 0.143959, 0.459893, 0.000000,
                   0.042287, 0.927686,-0.370959, 0.000000,
                  -0.480039, 0.344492, 0.806776, 0.000000,
                  -0.000004, 5.564032, 0.988087, 1.000000;;
                }
                Frame Armature_mixamorig_HeadTop_End {
                  FrameTransformMatrix {
                     1.000000,-0.000000, 0.000000, 0.000000,
                    -0.000000, 1.000000,-0.000000, 0.000000,
                    -0.000000, 0.000000, 1.000000, 0.000000,
                    -0.000003,18.311880, 3.086899, 1.000000;;
                  }
                } // End of Armature_mixamorig_HeadTop_End
                Frame Armature_mixamorig_LeftEye {
                  FrameTransformMatrix {
                    -0.000000,-0.000000,-1.000000, 0.000000,
                     1.000000,-0.000000,-0.000000, 0.000000,
                    -0.000000,-1.000000, 0.000000, 0.000000,
                     2.284444, 7.935712, 7.063699, 1.000000;;
                  }
                } // End of Armature_mixamorig_LeftEye
                Frame Armature_mixamorig_RightEye {
                  FrameTransformMatrix {
                    -0.000000, 0.000000, 1.000000, 0.000000,
                    -1.000000,-0.000000,-0.000000, 0.000000,
                     0.000000,-1.000000, 0.000000, 0.000000,
                    -2.377509, 7.935712, 7.063700, 1.000000;;
                  }
                } // End of Armature_mixamorig_RightEye
              } // End of Armature_mixamorig_Head
            } // End of Armature_mixamorig_Neck
            Frame Armature_mixamorig_RightShoulder {
              FrameTransformMatrix {
                 0.572204,-0.071909, 0.816953, 0.000000,
                -0.819954,-0.030609, 0.571612, 0.000000,
                -0.016098,-0.996942,-0.076477, 0.000000,
                -5.934985,13.670615,-1.662611, 1.000000;;
              }
              Frame Armature_mixamorig_RightArm {
                FrameTransformMatrix {
                   0.416682,-0.272710,-0.867182, 0.000000,
                   0.877109, 0.371267, 0.304697, 0.000000,
                   0.238862,-0.887575, 0.393897, 0.000000,
                  -0.000005,12.607947,-0.000008, 1.000000;;
                }
                Frame Armature_mixamorig_RightForeArm {
                  FrameTransformMatrix {
                     0.810760,-0.578687, 0.088258, 0.000000,
                     0.521248, 0.782299, 0.341040, 0.000000,
                    -0.266400,-0.230498, 0.935896, 0.000000,
                    -0.000007,25.574291,-0.000003, 1.000000;;
                  }
                  Frame Armature_mixamorig_RightHand {
                    FrameTransformMatrix {
                       0.428826, 0.883868, 0.186779, 0.000000,
                      -0.900692, 0.402351, 0.163912, 0.000000,
                       0.069726,-0.238519, 0.968631, 0.000000,
                       0.000002,21.603388,-0.000008, 1.000000;;
                    }
                    Frame Armature_mixamorig_RightHandIndex1 {
                      FrameTransformMatrix {
                         0.998611, 0.052666,-0.001401, 0.000000,
                        -0.023959, 0.477650, 0.878224, 0.000000,
                         0.046922,-0.876970, 0.478248, 0.000000,
                         2.341897, 9.909710,-0.291002, 1.000000;;
                      }
                      Frame Armature_mixamorig_RightHandIndex2 {
                        FrameTransformMatrix {
                           0.997036,-0.076931,-0.000082, 0.000000,
                           0.030618, 0.395833, 0.917812, 0.000000,
                          -0.070576,-0.915094, 0.397016, 0.000000,
                          -0.000003, 3.776806, 0.000005, 1.000000;;
                        }
                        Frame Armature_mixamorig_RightHandIndex3 {
                          FrameTransformMatrix {
                             0.999418, 0.007211, 0.033330, 0.000000,
                            -0.032368, 0.508176, 0.860645, 0.000000,
                            -0.010732,-0.861223, 0.508113, 0.000000,
                             0.000005, 2.542989, 0.000004, 1.000000;;
                          }
                          Frame Armature_mixamorig_RightHandIndex4 {
                            FrameTransformMatrix {
                               1.000000, 0.000000,-0.000000, 0.000000,
                              -0.000000, 1.000000, 0.000000, 0.000000,
                               0.000000, 0.000000, 1.000000, 0.000000,
                              -0.000002, 2.529018, 0.000002, 1.000000;;
                            }
                          } // End of Armature_mixamorig_RightHandIndex4
                        } // End of Armature_mixamorig_RightHandIndex3
                      } // End of Armature_mixamorig_RightHandIndex2
                    } // End of Armature_mixamorig_RightHandIndex1
                    Frame Armature_mixamorig_RightHandMiddle1 {
                      FrameTransformMatrix {
                         0.999762, 0.001784,-0.021764, 0.000000,
                         0.019558, 0.370163, 0.928761, 0.000000,
                         0.009714,-0.928965, 0.370040, 0.000000,
                        -0.000027, 9.700710,-0.000002, 1.000000;;
                      }
                      Frame Armature_mixamorig_RightHandMiddle2 {
                        FrameTransformMatrix {
                           0.996312,-0.085788,-0.001636, 0.000000,
                           0.009854, 0.095462, 0.995384, 0.000000,
                          -0.085236,-0.991729, 0.095955, 0.000000,
                          -0.000005, 4.014697, 0.000001, 1.000000;;
                        }
                        Frame Armature_mixamorig_RightHandMiddle3 {
                          FrameTransformMatrix {
                             0.999605, 0.023109, 0.015983, 0.000000,
                            -0.028081, 0.841186, 0.540017, 0.000000,
                            -0.000965,-0.540252, 0.841503, 0.000000,
                            -0.000001, 2.996713, 0.000001, 1.000000;;
                          }
                          Frame Armature_mixamorig_RightHandMiddle4 {
                            FrameTransformMatrix {
                               1.000000,-0.000000, 0.000000, 0.000000,
                               0.000000, 1.000000,-0.000000, 0.000000,
                               0.000000, 0.000000, 1.000000, 0.000000,
                               0.000002, 2.824991, 0.000002, 1.000000;;
                            }
                          } // End of Armature_mixamorig_RightHandMiddle4
                        } // End of Armature_mixamorig_RightHandMiddle3
                      } // End of Armature_mixamorig_RightHandMiddle2
                    } // End of Armature_mixamorig_RightHandMiddle1
                    Frame Armature_mixamorig_RightHandPinky1 {
                      FrameTransformMatrix {
                         0.997608,-0.002068,-0.069096, 0.000000,
                         0.069102, 0.056435, 0.996012, 0.000000,
                         0.001839,-0.998404, 0.056443, 0.000000,
                        -4.712734, 8.985513,-0.221003, 1.000000;;
                      }
                      Frame Armature_mixamorig_RightHandPinky2 {
                        FrameTransformMatrix {
                           0.999999,-0.001314,-0.000656, 0.000000,
                           0.001298, 0.581908, 0.813254, 0.000000,
                          -0.000687,-0.813254, 0.581909, 0.000000,
                          -0.000002, 3.562502,-0.000005, 1.000000;;
                        }
                        Frame Armature_mixamorig_RightHandPinky3 {
                          FrameTransformMatrix {
                             1.000000,-0.000675,-0.000164, 0.000000,
                             0.000679, 0.900092, 0.435699, 0.000000,
                            -0.000146,-0.435700, 0.900092, 0.000000,
                            -0.000000, 2.335189, 0.000006, 1.000000;;
                          }
                          Frame Armature_mixamorig_RightHandPinky4 {
                            FrameTransformMatrix {
                               1.000000,-0.000000, 0.000000, 0.000000,
                               0.000000, 1.000000, 0.000000, 0.000000,
                              -0.000000,-0.000000, 1.000000, 0.000000,
                              -0.000001, 2.037316, 0.000006, 1.000000;;
                            }
                          } // End of Armature_mixamorig_RightHandPinky4
                        } // End of Armature_mixamorig_RightHandPinky3
                      } // End of Armature_mixamorig_RightHandPinky2
                    } // End of Armature_mixamorig_RightHandPinky1
                    Frame Armature_mixamorig_RightHandRing1 {
                      FrameTransformMatrix {
                         0.996671, 0.080116, 0.015102, 0.000000,
                        -0.029902, 0.186894, 0.981925, 0.000000,
                         0.075845,-0.979108, 0.188668, 0.000000,
                        -2.241701, 9.308414,-0.143002, 1.000000;;
                      }
                      Frame Armature_mixamorig_RightHandRing2 {
                        FrameTransformMatrix {
                           0.999716,-0.020145,-0.012755, 0.000000,
                           0.018020, 0.288043, 0.957448, 0.000000,
                          -0.015614,-0.957406, 0.288324, 0.000000,
                           0.000004, 4.019399, 0.000001, 1.000000;;
                        }
                        Frame Armature_mixamorig_RightHandRing3 {
                          FrameTransformMatrix {
                             0.999785, 0.020714,-0.001214, 0.000000,
                            -0.015298, 0.775388, 0.631300, 0.000000,
                             0.014018,-0.631145, 0.775538, 0.000000,
                            -0.000000, 2.790809, 0.000006, 1.000000;;
                          }
                          Frame Armature_mixamorig_RightHandRing4 {
                            FrameTransformMatrix {
                               1.000000,-0.000000, 0.000000, 0.000000,
                               0.000000, 1.000000, 0.000000, 0.000000,
                              -0.000000,-0.000000, 1.000000, 0.000000,
                              -0.000000, 2.540709, 0.000000, 1.000000;;
                            }
                          } // End of Armature_mixamorig_RightHandRing4
                        } // End of Armature_mixamorig_RightHandRing3
                      } // End of Armature_mixamorig_RightHandRing2
                    } // End of Armature_mixamorig_RightHandRing1
                    Frame Armature_mixamorig_RightHandThumb1 {
                      FrameTransformMatrix {
                         0.976735,-0.103502, 0.187820, 0.000000,
                        -0.095348, 0.574893, 0.812654, 0.000000,
                        -0.192088,-0.811656, 0.551649, 0.000000,
                         2.370377, 3.545608, 1.908998, 1.000000;;
                      }
                      Frame Armature_mixamorig_RightHandThumb2 {
                        FrameTransformMatrix {
                           0.951148, 0.004181, 0.308705, 0.000000,
                           0.056203, 0.980855,-0.186452, 0.000000,
                          -0.303574, 0.194694, 0.932704, 0.000000,
                          -0.000002, 2.807989, 0.000012, 1.000000;;
                        }
                        Frame Armature_mixamorig_RightHandThumb3 {
                          FrameTransformMatrix {
                             0.927102, 0.226661,-0.298512, 0.000000,
                            -0.296325, 0.930931,-0.213450, 0.000000,
                             0.229513, 0.286346, 0.930232, 0.000000,
                            -0.000004, 2.378983, 0.000003, 1.000000;;
                          }
                          Frame Armature_mixamorig_RightHandThumb4 {
                            FrameTransformMatrix {
                               1.000000,-0.000000, 0.000000, 0.000000,
                               0.000000, 1.000000, 0.000000, 0.000000,
                               0.000000,-0.000000, 1.000000, 0.000000,
                              -0.000007, 2.445257, 0.000000, 1.000000;;
                            }
                          } // End of Armature_mixamorig_RightHandThumb4
                        } // End of Armature_mixamorig_RightHandThumb3
                      } // End of Armature_mixamorig_RightHandThumb2
                    } // End of Armature_mixamorig_RightHandThumb1
                  } // End of Armature_mixamorig_RightHand
                } // End of Armature_mixamorig_RightForeArm
              } // End of Armature_mixamorig_RightArm
            } // End of Armature_mixamorig_RightShoulder
          } // End of Armature_mixamorig_Spine2
        } // End of Armature_mixamorig_Spine1
      } // End of Armature_mixamorig_Spine
    } // End of Armature_mixamorig_Hips
    Frame Paladin_J_Nordstrom {
      FrameTransformMatrix {
         1.000000,-0.000000,-0.000000, 0.000000,
         0.000000, 1.000000, 0.000000, 0.000000,
        -0.000000, 0.000000, 1.000000, 0.000000,
         0.000001, 0.000000,-0.000000, 1.000000;;
      }
    } // End of Paladin_J_Nordstrom
    Frame Paladin_J_Nordstrom_Helmet {
      FrameTransformMatrix {
         1.000000,-0.000000,-0.000000, 0.000000,
         0.000000, 1.000000, 0.000000, 0.000000,
        -0.000000, 0.000000, 1.000000, 0.000000,
         0.000002, 0.000000,-0.000000, 1.000000;;
      }
    } // End of Paladin_J_Nordstrom_Helmet
  } // End of Armature
} // End of Root
AnimationSet Global {
  Animation {
    {Armature}
    AnimationKey { // Rotation
      0;
      92;
      0;4;-0.707107, 0.707107, 0.000000, 0.000000;;,
      1;4;-0.707107, 0.707107, 0.000000, 0.000000;;,
      2;4;-0.707107, 0.707107, 0.000000, 0.000000;;,
      3;4;-0.707107, 0.707107, 0.000000, 0.000000;;,
      4;4;-0.707107, 0.707107, 0.000000, 0.000000;;,
      5;4;-0.707107, 0.707107, 0.000000, 0.000000;;,
      6;4;-0.707107, 0.707107, 0.000000, 0.000000;;,
      7;4;-0.707107, 0.707107, 0.000000, 0.000000;;,
      8;4;-0.707107, 0.707107, 0.000000, 0.000000;;,
      9;4;-0.707107, 0.707107, 0.000000, 0.000000;;,
      10;4;-0.707107, 0.707107, 0.000000, 0.000000;;,
      11;4;-0.707107, 0.707107, 0.000000, 0.000000;;,
      12;4;-0.707107, 0.707107, 0.000000, 0.000000;;,
      13;4;-0.707107, 0.707107, 0.000000, 0.000000;;,
      14;4;-0.707107, 0.707107, 0.000000, 0.000000;;,
      15;4;-0.707107, 0.707107, 0.000000, 0.000000;;,
      16;4;-0.707107, 0.707107, 0.000000, 0.000000;;,
      17;4;-0.707107, 0.707107, 0.000000, 0.000000;;,
      18;4;-0.707107, 0.707107, 0.000000, 0.000000;;,
      19;4;-0.707107, 0.707107, 0.000000, 0.000000;;,
      20;4;-0.707107, 0.707107, 0.000000, 0.000000;;,
      21;4;-0.707107, 0.707107, 0.000000, 0.000000;;,
      22;4;-0.707107, 0.707107, 0.000000, 0.000000;;,
      23;4;-0.707107, 0.707107, 0.000000, 0.000000;;,
      24;4;-0.707107, 0.707107, 0.000000, 0.000000;;,
      25;4;-0.707107, 0.707107, 0.000000, 0.000000;;,
      26;4;-0.707107, 0.707107, 0.000000, 0.000000;;,
      27;4;-0.707107, 0.707107, 0.000000, 0.000000;;,
      28;4;-0.707107, 0.707107, 0.000000, 0.000000;;,
      29;4;-0.707107, 0.707107, 0.000000, 0.000000;;,
      30;4;-0.707107, 0.707107, 0.000000, 0.000000;;,
      31;4;-0.707107, 0.707107, 0.000000, 0.000000;;,
      32;4;-0.707107, 0.707107, 0.000000, 0.000000;;,
      33;4;-0.707107, 0.707107, 0.000000, 0.000000;;,
      34;4;-0.707107, 0.707107, 0.000000, 0.000000;;,
      35;4;-0.707107, 0.707107, 0.000000, 0.000000;;,
      36;4;-0.707107, 0.707107, 0.000000, 0.000000;;,
      37;4;-0.707107, 0.707107, 0.000000, 0.000000;;,
      38;4;-0.707107, 0.707107, 0.000000, 0.000000;;,
      39;4;-0.707107, 0.707107, 0.000000, 0.000000;;,
      40;4;-0.707107, 0.707107, 0.000000, 0.000000;;,
      41;4;-0.707107, 0.707107, 0.000000, 0.000000;;,
      42;4;-0.707107, 0.707107, 0.000000, 0.000000;;,
      43;4;-0.707107, 0.707107, 0.000000, 0.000000;;,
      44;4;-0.707107, 0.707107, 0.000000, 0.000000;;,
      45;4;-0.707107, 0.707107, 0.000000, 0.000000;;,
      46;4;-0.707107, 0.707107, 0.000000, 0.000000;;,
      47;4;-0.707107, 0.707107, 0.000000, 0.000000;;,
      48;4;-0.707107, 0.707107, 0.000000, 0.000000;;,
      49;4;-0.707107, 0.707107, 0.000000, 0.000000;;,
      50;4;-0.707107, 0.707107, 0.000000, 0.000000;;,
      51;4;-0.707107, 0.707107, 0.000000, 0.000000;;,
      52;4;-0.707107, 0.707107, 0.000000, 0.000000;;,
      53;4;-0.707107, 0.707107, 0.000000, 0.000000;;,
      54;4;-0.707107, 0.707107, 0.000000, 0.000000;;,
      55;4;-0.707107, 0.707107, 0.000000, 0.000000;;,
      56;4;-0.707107, 0.707107, 0.000000, 0.000000;;,
      57;4;-0.707107, 0.707107, 0.000000, 0.000000;;,
      58;4;-0.707107, 0.707107, 0.000000, 0.000000;;,
      59;4;-0.707107, 0.707107, 0.000000, 0.000000;;,
      60;4;-0.707107, 0.707107, 0.000000, 0.000000;;,
      61;4;-0.707107, 0.707107, 0.000000, 0.000000;;,
      62;4;-0.707107, 0.707107, 0.000000, 0.000000;;,
      63;4;-0.707107, 0.707107, 0.000000, 0.000000;;,
      64;4;-0.707107, 0.707107, 0.000000, 0.000000;;,
      65;4;-0.707107, 0.707107, 0.000000, 0.000000;;,
      66;4;-0.707107, 0.707107, 0.000000, 0.000000;;,
      67;4;-0.707107, 0.707107, 0.000000, 0.000000;;,
      68;4;-0.707107, 0.707107, 0.000000, 0.000000;;,
      69;4;-0.707107, 0.707107, 0.000000, 0.000000;;,
      70;4;-0.707107, 0.707107, 0.000000, 0.000000;;,
      71;4;-0.707107, 0.707107, 0.000000, 0.000000;;,
      72;4;-0.707107, 0.707107, 0.000000, 0.000000;;,
      73;4;-0.707107, 0.707107, 0.000000, 0.000000;;,
      74;4;-0.707107, 0.707107, 0.000000, 0.000000;;,
      75;4;-0.707107, 0.707107, 0.000000, 0.000000;;,
      76;4;-0.707107, 0.707107, 0.000000, 0.000000;;,
      77;4;-0.707107, 0.707107, 0.000000, 0.000000;;,
      78;4;-0.707107, 0.707107, 0.000000, 0.000000;;,
      79;4;-0.707107, 0.707107, 0.000000, 0.000000;;,
      80;4;-0.707107, 0.707107, 0.000000, 0.000000;;,
      81;4;-0.707107, 0.707107, 0.000000, 0.000000;;,
      82;4;-0.707107, 0.707107, 0.000000, 0.000000;;,
      83;4;-0.707107, 0.707107, 0.000000, 0.000000;;,
      84;4;-0.707107, 0.707107, 0.000000, 0.000000;;,
      85;4;-0.707107, 0.707107, 0.000000, 0.000000;;,
      86;4;-0.707107, 0.707107, 0.000000, 0.000000;;,
      87;4;-0.707107, 0.707107, 0.000000, 0.000000;;,
      88;4;-0.707107, 0.707107, 0.000000, 0.000000;;,
      89;4;-0.707107, 0.707107, 0.000000, 0.000000;;,
      90;4;-0.707107, 0.707107, 0.000000, 0.000000;;,
      91;4;-0.707107, 0.707107, 0.000000, 0.000000;;;
    }
    AnimationKey { // Scale
      1;
      92;
      0;3; 0.100000, 0.100000, 0.100000;;,
      1;3; 0.100000, 0.100000, 0.100000;;,
      2;3; 0.100000, 0.100000, 0.100000;;,
      3;3; 0.100000, 0.100000, 0.100000;;,
      4;3; 0.100000, 0.100000, 0.100000;;,
      5;3; 0.100000, 0.100000, 0.100000;;,
      6;3; 0.100000, 0.100000, 0.100000;;,
      7;3; 0.100000, 0.100000, 0.100000;;,
      8;3; 0.100000, 0.100000, 0.100000;;,
      9;3; 0.100000, 0.100000, 0.100000;;,
      10;3; 0.100000, 0.100000, 0.100000;;,
      11;3; 0.100000, 0.100000, 0.100000;;,
      12;3; 0.100000, 0.100000, 0.100000;;,
      13;3; 0.100000, 0.100000, 0.100000;;,
      14;3; 0.100000, 0.100000, 0.100000;;,
      15;3; 0.100000, 0.100000, 0.100000;;,
      16;3; 0.100000, 0.100000, 0.100000;;,
      17;3; 0.100000, 0.100000, 0.100000;;,
      18;3; 0.100000, 0.100000, 0.100000;;,
      19;3; 0.100000, 0.100000, 0.100000;;,
      20;3; 0.100000, 0.100000, 0.100000;;,
      21;3; 0.100000, 0.100000, 0.100000;;,
      22;3; 0.100000, 0.100000, 0.100000;;,
      23;3; 0.100000, 0.100000, 0.100000;;,
      24;3; 0.100000, 0.100000, 0.100000;;,
      25;3; 0.100000, 0.100000, 0.100000;;,
      26;3; 0.100000, 0.100000, 0.100000;;,
      27;3; 0.100000, 0.100000, 0.100000;;,
      28;3; 0.100000, 0.100000, 0.100000;;,
      29;3; 0.100000, 0.100000, 0.100000;;,
      30;3; 0.100000, 0.100000, 0.100000;;,
      31;3; 0.100000, 0.100000, 0.100000;;,
      32;3; 0.100000, 0.100000, 0.100000;;,
      33;3; 0.100000, 0.100000, 0.100000;;,
      34;3; 0.100000, 0.100000, 0.100000;;,
      35;3; 0.100000, 0.100000, 0.100000;;,
      36;3; 0.100000, 0.100000, 0.100000;;,
      37;3; 0.100000, 0.100000, 0.100000;;,
      38;3; 0.100000, 0.100000, 0.100000;;,
      39;3; 0.100000, 0.100000, 0.100000;;,
      40;3; 0.100000, 0.100000, 0.100000;;,
      41;3; 0.100000, 0.100000, 0.100000;;,
      42;3; 0.100000, 0.100000, 0.100000;;,
      43;3; 0.100000, 0.100000, 0.100000;;,
      44;3; 0.100000, 0.100000, 0.100000;;,
      45;3; 0.100000, 0.100000, 0.100000;;,
      46;3; 0.100000, 0.100000, 0.100000;;,
      47;3; 0.100000, 0.100000, 0.100000;;,
      48;3; 0.100000, 0.100000, 0.100000;;,
      49;3; 0.100000, 0.100000, 0.100000;;,
      50;3; 0.100000, 0.100000, 0.100000;;,
      51;3; 0.100000, 0.100000, 0.100000;;,
      52;3; 0.100000, 0.100000, 0.100000;;,
      53;3; 0.100000, 0.100000, 0.100000;;,
      54;3; 0.100000, 0.100000, 0.100000;;,
      55;3; 0.100000, 0.100000, 0.100000;;,
      56;3; 0.100000, 0.100000, 0.100000;;,
      57;3; 0.100000, 0.100000, 0.100000;;,
      58;3; 0.100000, 0.100000, 0.100000;;,
      59;3; 0.100000, 0.100000, 0.100000;;,
      60;3; 0.100000, 0.100000, 0.100000;;,
      61;3; 0.100000, 0.100000, 0.100000;;,
      62;3; 0.100000, 0.100000, 0.100000;;,
      63;3; 0.100000, 0.100000, 0.100000;;,
      64;3; 0.100000, 0.100000, 0.100000;;,
      65;3; 0.100000, 0.100000, 0.100000;;,
      66;3; 0.100000, 0.100000, 0.100000;;,
      67;3; 0.100000, 0.100000, 0.100000;;,
      68;3; 0.100000, 0.100000, 0.100000;;,
      69;3; 0.100000, 0.100000, 0.100000;;,
      70;3; 0.100000, 0.100000, 0.100000;;,
      71;3; 0.100000, 0.100000, 0.100000;;,
      72;3; 0.100000, 0.100000, 0.100000;;,
      73;3; 0.100000, 0.100000, 0.100000;;,
      74;3; 0.100000, 0.100000, 0.100000;;,
      75;3; 0.100000, 0.100000, 0.100000;;,
      76;3; 0.100000, 0.100000, 0.100000;;,
      77;3; 0.100000, 0.100000, 0.100000;;,
      78;3; 0.100000, 0.100000, 0.100000;;,
      79;3; 0.100000, 0.100000, 0.100000;;,
      80;3; 0.100000, 0.100000, 0.100000;;,
      81;3; 0.100000, 0.100000, 0.100000;;,
      82;3; 0.100000, 0.100000, 0.100000;;,
      83;3; 0.100000, 0.100000, 0.100000;;,
      84;3; 0.100000, 0.100000, 0.100000;;,
