xof 0303txt 0032

template XSkinMeshHeader {
  <3cf169ce-ff7c-44ab-93c0-f78f62d172e2>
  WORD nMaxSkinWeightsPerVertex;
  WORD nMaxSkinWeightsPerFace;
  WORD nBones;
}

template SkinWeights {
  <6f0d123b-bad2-4167-a0d0-80224f25fabb>
  STRING transformNodeName;
  DWORD nWeights;
  array DWORD vertexIndices[nWeights];
  array float weights[nWeights];
  Matrix4x4 matrixOffset;
}

Frame Root {
  FrameTransformMatrix {
     1.000000, 0.000000, 0.000000, 0.000000,
     0.000000,-0.000000,-1.000000, 0.000000,
     0.000000, 1.000000,-0.000000, 0.000000,
     0.000000, 0.000000, 0.000000, 1.000000;;
  }
  Frame Armature {
    FrameTransformMatrix {
       0.100000, 0.000000, 0.000000, 0.000000,
       0.000000,-0.000000, 0.100000, 0.000000,
       0.000000,-0.100000,-0.000000, 0.000000,
       0.000000, 0.000000, 0.000000, 1.000000;;
    }
    Frame Armature_mixamorig_Hips {
      FrameTransformMatrix {
         0.591162, 0.163809, 0.789743, 0.000000,
         0.064760, 0.966357,-0.248918, 0.000000,
        -0.803949, 0.198295, 0.560665, 0.000000,
        -10.166156,84.030472,-6.833902, 1.000000;;
      }
      Frame Armature_mixamorig_LeftUpLeg {
        FrameTransformMatrix {
          -0.597486,-0.238269, 0.764983, 0.000000,
           0.531983,-0.832232, 0.156040, 0.000000,
           0.600004, 0.500615, 0.623422, 0.000000,
           9.789108,-5.875881,-0.583683, 1.000000;;
        }
        Frame Armature_mixamorig_LeftLeg {
          FrameTransformMatrix {
             0.892451,-0.107646,-0.438114, 0.000000,
            -0.134538, 0.863426,-0.486205, 0.000000,
             0.430618, 0.492857, 0.756083, 0.000000,
            -0.000000,41.702003,-0.000002, 1.000000;;
          }
          Frame Armature_mixamorig_LeftFoot {
            FrameTransformMatrix {
               0.874664,-0.483593, 0.033180, 0.000000,
               0.440555, 0.821638, 0.361695, 0.000000,
              -0.202175,-0.301744, 0.931706, 0.000000,
               0.000001,36.981373,-0.000001, 1.000000;;
            }
            Frame Armature_mixamorig_LeftToeBase {
              FrameTransformMatrix {
                 0.980911, 0.032699,-0.191692, 0.000000,
                 0.122850, 0.659936, 0.741210, 0.000000,
                 0.150741,-0.750610, 0.643321, 0.000000,
                -0.000000,16.707954,-0.000002, 1.000000;;
              }
              Frame Armature_mixamorig_LeftToe_End {
                FrameTransformMatrix {
                   1.000000,-0.000000,-0.000000, 0.000000,
                   0.000000, 1.000000, 0.000000, 0.000000,
                   0.000000,-0.000000, 1.000000, 0.000000,
                   0.000003, 7.126379, 0.000000, 1.000000;;
                }
              } // End of Armature_mixamorig_LeftToe_End
            } // End of Armature_mixamorig_LeftToeBase
          } // End of Armature_mixamorig_LeftFoot
        } // End of Armature_mixamorig_LeftLeg
      } // End of Armature_mixamorig_LeftUpLeg
      Frame Armature_mixamorig_RightUpLeg {
        FrameTransformMatrix {
          -0.634348, 0.597894,-0.490658, 0.000000,
          -0.635068,-0.764488,-0.110860, 0.000000,
          -0.440785, 0.241001, 0.865845, 0.000000,
          -9.857688,-5.875852,-0.583681, 1.000000;;
        }
        Frame Armature_mixamorig_RightLeg {
          FrameTransformMatrix {
             0.988615, 0.046214, 0.143194, 0.000000,
             0.077681, 0.658276,-0.748759, 0.000000,
            -0.128864, 0.751358, 0.647191, 0.000000,
             0.000001,41.702003,-0.000002, 1.000000;;
          }
          Frame Armature_mixamorig_RightFoot {
            FrameTransformMatrix {
               0.906450, 0.398293, 0.140396, 0.000000,
              -0.216444, 0.152688, 0.964281, 0.000000,
               0.362630,-0.904461, 0.224612, 0.000000,
               0.000009,36.980404,-0.000005, 1.000000;;
            }
            Frame Armature_mixamorig_RightToeBase {
              FrameTransformMatrix {
                 0.998446,-0.027010, 0.048758, 0.000000,
                -0.013555, 0.730833, 0.682422, 0.000000,
                -0.054066,-0.682021, 0.729331, 0.000000,
                 0.000005,16.687994,-0.000001, 1.000000;;
              }
              Frame Armature_mixamorig_RightToe_End {
                FrameTransformMatrix {
                   1.000000,-0.000000,-0.000000, 0.000000,
                   0.000000, 1.000000, 0.000000, 0.000000,
                   0.000000,-0.000000, 1.000000, 0.000000,
                   0.000001, 7.110363, 0.000000, 1.000000;;
                }
              } // End of Armature_mixamorig_RightToe_End
            } // End of Armature_mixamorig_RightToeBase
          } // End of Armature_mixamorig_RightFoot
        } // End of Armature_mixamorig_RightLeg
      } // End of Armature_mixamorig_RightUpLeg
      Frame Armature_mixamorig_Spine {
        FrameTransformMatrix {
           0.999479, 0.029556,-0.012990, 0.000000,
          -0.028210, 0.995191, 0.093807, 0.000000,
           0.015700,-0.093392, 0.995505, 0.000000,
           0.017332,10.574835,-1.117230, 1.000000;;
        }
        Frame Armature_mixamorig_Spine1 {
          FrameTransformMatrix {
             0.990532, 0.137146, 0.006153, 0.000000,
            -0.137269, 0.988784, 0.058844, 0.000000,
             0.001987,-0.059132, 0.998248, 0.000000,
            -0.000001,12.405982,-0.000001, 1.000000;;
          }
          Frame Armature_mixamorig_Spine2 {
            FrameTransformMatrix {
               0.999878, 0.015427,-0.002363, 0.000000,
              -0.015602, 0.991832,-0.126595, 0.000000,
               0.000390, 0.126617, 0.991952, 0.000000,
               0.000002,14.178271, 0.000002, 1.000000;;
            }
            Frame Armature_mixamorig_LeftShoulder {
              FrameTransformMatrix {
                 0.149975, 0.014236,-0.988588, 0.000000,
                 0.980480,-0.130736, 0.146862, 0.000000,
                -0.127153,-0.991315,-0.033565, 0.000000,
                 5.934974,13.670214,-1.662611, 1.000000;;
              }
              Frame Armature_mixamorig_LeftArm {
                FrameTransformMatrix {
                   0.927951,-0.175731, 0.328671, 0.000000,
                  -0.034891, 0.837029, 0.546045, 0.000000,
                  -0.371064,-0.518171, 0.770591, 0.000000,
                  -0.000000,12.607912, 0.000002, 1.000000;;
                }
                Frame Armature_mixamorig_LeftForeArm {
                  FrameTransformMatrix {
                     0.149275, 0.807239, 0.571037, 0.000000,
                    -0.987483, 0.151453, 0.044038, 0.000000,
                    -0.050936,-0.570463, 0.819743, 0.000000,
                     0.000000,25.574322,-0.000010, 1.000000;;
                  }
                  Frame Armature_mixamorig_LeftHand {
                    FrameTransformMatrix {
                       0.993562, 0.108999, 0.030899, 0.000000,
                      -0.111393, 0.989608, 0.090925, 0.000000,
                      -0.020667,-0.093781, 0.995378, 0.000000,
                       0.000001,21.603374, 0.000009, 1.000000;;
                    }
                    Frame Armature_mixamorig_LeftHandIndex1 {
                      FrameTransformMatrix {
                         0.988688, 0.136286, 0.062622, 0.000000,
                        -0.083140, 0.150493, 0.985109, 0.000000,
                         0.124832,-0.979172, 0.160121, 0.000000,
                        -2.341889, 9.909746,-0.291364, 1.000000;;
                      }
                      Frame Armature_mixamorig_LeftHandIndex2 {
                        FrameTransformMatrix {
                           0.997049, 0.076769, 0.000078, 0.000000,
                          -0.029501, 0.382204, 0.923607, 0.000000,
                           0.070875,-0.920884, 0.383341, 0.000000,
                          -0.000004, 3.776728, 0.000011, 1.000000;;
                        }
                        Frame Armature_mixamorig_LeftHandIndex3 {
                          FrameTransformMatrix {
                             0.999415,-0.011739,-0.032139, 0.000000,
                             0.034216, 0.348797, 0.936574, 0.000000,
                             0.000216,-0.937125, 0.348994, 0.000000,
                             0.000005, 2.543067,-0.000001, 1.000000;;
                          }
                          Frame Armature_mixamorig_LeftHandIndex4 {
                            FrameTransformMatrix {
                               1.000000, 0.000000,-0.000000, 0.000000,
                              -0.000000, 1.000000, 0.000000, 0.000000,
                               0.000000,-0.000000, 1.000000, 0.000000,
                              -0.000010, 2.529056, 0.000005, 1.000000;;
                            }
                          } // End of Armature_mixamorig_LeftHandIndex4
                        } // End of Armature_mixamorig_LeftHandIndex3
                      } // End of Armature_mixamorig_LeftHandIndex2
                    } // End of Armature_mixamorig_LeftHandIndex1
                    Frame Armature_mixamorig_LeftHandMiddle1 {
                      FrameTransformMatrix {
                         0.994523,-0.041946, 0.095733, 0.000000,
                        -0.093214, 0.058363, 0.993934, 0.000000,
                        -0.047279,-0.997414, 0.054134, 0.000000,
                         0.000030, 9.700758, 0.000010, 1.000000;;
                      }
                      Frame Armature_mixamorig_LeftHandMiddle2 {
                        FrameTransformMatrix {
                           0.996326, 0.085634, 0.001398, 0.000000,
                          -0.021202, 0.230803, 0.972769, 0.000000,
                           0.082979,-0.969225, 0.231771, 0.000000,
                           0.000008, 4.014640, 0.000008, 1.000000;;
                        }
                        Frame Armature_mixamorig_LeftHandMiddle3 {
                          FrameTransformMatrix {
                             0.999616,-0.009141,-0.026175, 0.000000,
                             0.027673, 0.386799, 0.921749, 0.000000,
                             0.001699,-0.922119, 0.386903, 0.000000,
                            -0.000004, 2.996726,-0.000004, 1.000000;;
                          }
                          Frame Armature_mixamorig_LeftHandMiddle4 {
                            FrameTransformMatrix {
                               1.000000, 0.000000,-0.000000, 0.000000,
                              -0.000000, 1.000000,-0.000011, 0.000000,
                               0.000000, 0.000011, 1.000000, 0.000000,
                               0.000004, 2.824981, 0.000003, 1.000000;;
                            }
                          } // End of Armature_mixamorig_LeftHandMiddle4
                        } // End of Armature_mixamorig_LeftHandMiddle3
                      } // End of Armature_mixamorig_LeftHandMiddle2
                    } // End of Armature_mixamorig_LeftHandMiddle1
                    Frame Armature_mixamorig_LeftHandPinky1 {
                      FrameTransformMatrix {
                         0.977786,-0.143459, 0.152822, 0.000000,
                        -0.143501, 0.073273, 0.986934, 0.000000,
                        -0.152782,-0.986940, 0.051059, 0.000000,
                         4.712744, 8.985469,-0.221624, 1.000000;;
                      }
                      Frame Armature_mixamorig_LeftHandPinky2 {
                        FrameTransformMatrix {
                           0.999999, 0.001430, 0.001034, 0.000000,
                          -0.001386, 0.273861, 0.961768, 0.000000,
                           0.001093,-0.961768, 0.273863, 0.000000,
                          -0.000004, 3.562529, 0.000006, 1.000000;;
                        }
                        Frame Armature_mixamorig_LeftHandPinky3 {
                          FrameTransformMatrix {
                             0.999999, 0.001106, 0.000415, 0.000000,
                            -0.001043, 0.661983, 0.749518, 0.000000,
                             0.000554,-0.749518, 0.661984, 0.000000,
                            -0.000004, 2.335185, 0.000007, 1.000000;;
                          }
                          Frame Armature_mixamorig_LeftHandPinky4 {
                            FrameTransformMatrix {
                               1.000000,-0.000000,-0.000000, 0.000000,
                               0.000000, 1.000000,-0.000007, 0.000000,
                              -0.000000, 0.000007, 1.000000, 0.000000,
                              -0.000007, 2.037307, 0.000002, 1.000000;;
                            }
                          } // End of Armature_mixamorig_LeftHandPinky4
                        } // End of Armature_mixamorig_LeftHandPinky3
                      } // End of Armature_mixamorig_LeftHandPinky2
                    } // End of Armature_mixamorig_LeftHandPinky1
                    Frame Armature_mixamorig_LeftHandRing1 {
                      FrameTransformMatrix {
                         0.994615,-0.067990, 0.078217, 0.000000,
                        -0.078884,-0.007184, 0.996858, 0.000000,
                        -0.067215,-0.997660,-0.012509, 0.000000,
                         2.241704, 9.308414,-0.143552, 1.000000;;
                      }
                      Frame Armature_mixamorig_LeftHandRing2 {
                        FrameTransformMatrix {
                           0.999741, 0.012034, 0.019294, 0.000000,
                          -0.022676, 0.464647, 0.885205, 0.000000,
                           0.001688,-0.885414, 0.464800, 0.000000,
                           0.000002, 4.019413, 0.000007, 1.000000;;
                        }
                        Frame Armature_mixamorig_LeftHandRing3 {
                          FrameTransformMatrix {
                             0.999789,-0.020431, 0.002012, 0.000000,
                             0.004223, 0.300553, 0.953756, 0.000000,
                            -0.020091,-0.953546, 0.300576, 0.000000,
                             0.000001, 2.790822,-0.000002, 1.000000;;
                          }
                          Frame Armature_mixamorig_LeftHandRing4 {
                            FrameTransformMatrix {
                               1.000000, 0.000000,-0.000000, 0.000000,
                              -0.000000, 1.000000, 0.000012, 0.000000,
                               0.000000,-0.000012, 1.000000, 0.000000,
                               0.000001, 2.540731, 0.000004, 1.000000;;
                            }
                          } // End of Armature_mixamorig_LeftHandRing4
                        } // End of Armature_mixamorig_LeftHandRing3
                      } // End of Armature_mixamorig_LeftHandRing2
                    } // End of Armature_mixamorig_LeftHandRing1
                    Frame Armature_mixamorig_LeftHandThumb1 {
                      FrameTransformMatrix {
                         0.857893, 0.512733, 0.033534, 0.000000,
                        -0.403426, 0.631710, 0.661960, 0.000000,
                         0.318224,-0.581419, 0.748789, 0.000000,
                        -2.370366, 3.545612, 1.908237, 1.000000;;
                      }
                      Frame Armature_mixamorig_LeftHandThumb2 {
                        FrameTransformMatrix {
                           0.922590,-0.322805,-0.211245, 0.000000,
                           0.321793, 0.945959,-0.040131, 0.000000,
                           0.212784,-0.030952, 0.976609, 0.000000,
                           0.000006, 2.808393, 0.000005, 1.000000;;
                        }
                        Frame Armature_mixamorig_LeftHandThumb3 {
                          FrameTransformMatrix {
                             0.590302, 0.029089,-0.806658, 0.000000,
                             0.439596, 0.826562, 0.351497, 0.000000,
                             0.676978,-0.562094, 0.475134, 0.000000,
                            -0.000003, 2.378956,-0.000016, 1.000000;;
                          }
                          Frame Armature_mixamorig_LeftHandThumb4 {
                            FrameTransformMatrix {
                               1.000000, 0.000000,-0.000000, 0.000000,
                               0.000000, 1.000000,-0.000000, 0.000000,
                               0.000000, 0.000000, 1.000000, 0.000000,
                               0.000004, 2.444963,-0.000003, 1.000000;;
                            }
                          } // End of Armature_mixamorig_LeftHandThumb4
                        } // End of Armature_mixamorig_LeftHandThumb3
                      } // End of Armature_mixamorig_LeftHandThumb2
                    } // End of Armature_mixamorig_LeftHandThumb1
                  } // End of Armature_mixamorig_LeftHand
                } // End of Armature_mixamorig_LeftForeArm
              } // End of Armature_mixamorig_LeftArm
            } // End of Armature_mixamorig_LeftShoulder
            Frame Armature_mixamorig_Neck {
              FrameTransformMatrix {
                 0.969423, 0.238597,-0.057362, 0.000000,
                -0.245365, 0.938799,-0.241769, 0.000000,
                -0.003834, 0.248451, 0.968637, 0.000000,
                 0.024448,15.862258,-1.675817, 1.000000;;
              }
              Frame Armature_mixamorig_Head {
                FrameTransformMatrix {
                   0.988970,-0.015954,-0.147253, 0.000000,
                  -0.079915, 0.779582,-0.621181, 0.000000,
                   0.124706, 0.626097, 0.769708, 0.000000,
                  -0.000007, 5.564051, 0.988085, 1.000000;;
                }
                Frame Armature_mixamorig_HeadTop_End {
                  FrameTransformMatrix {
                     1.000000, 0.000000,-0.000000, 0.000000,
                     0.000000, 1.000000,-0.000000, 0.000000,
                     0.000000, 0.000000, 1.000000, 0.000000,
                    -0.000002,18.311878, 3.086913, 1.000000;;
                  }
                } // End of Armature_mixamorig_HeadTop_End
                Frame Armature_mixamorig_LeftEye {
                  FrameTransformMatrix {
                    -0.000000,-0.000000,-1.000000, 0.000000,
                     1.000000,-0.000000,-0.000000, 0.000000,
                    -0.000000,-1.000000, 0.000000, 0.000000,
                     2.284447, 7.935711, 7.063708, 1.000000;;
                  }
                } // End of Armature_mixamorig_LeftEye
                Frame Armature_mixamorig_RightEye {
                  FrameTransformMatrix {
                    -0.000000, 0.000000, 1.000000, 0.000000,
                    -1.000000,-0.000000,-0.000000, 0.000000,
                     0.000000,-1.000000, 0.000000, 0.000000,
                    -2.377502, 7.935712, 7.063704, 1.000000;;
                  }
                } // End of Armature_mixamorig_RightEye
              } // End of Armature_mixamorig_Head
            } // End of Armature_mixamorig_Neck
            Frame Armature_mixamorig_RightShoulder {
              FrameTransformMatrix {
                -0.468921, 0.229879, 0.852802, 0.000000,
                -0.879583,-0.033765,-0.474545, 0.000000,
                -0.080293,-0.972634, 0.218031, 0.000000,
                -5.934979,13.670605,-1.662606, 1.000000;;
              }
              Frame Armature_mixamorig_RightArm {
                FrameTransformMatrix {
                   0.921152, 0.054186, 0.385411, 0.000000,
                  -0.213198, 0.898724, 0.383199, 0.000000,
                  -0.325614,-0.435154, 0.839414, 0.000000,
                  -0.000002,12.607937, 0.000004, 1.000000;;
                }
                Frame Armature_mixamorig_RightForeArm {
                  FrameTransformMatrix {
                    -0.364501,-0.900758,-0.236165, 0.000000,
                     0.904768,-0.282575,-0.318662, 0.000000,
                     0.220303,-0.329827, 0.917976, 0.000000,
                     0.000001,25.574293, 0.000003, 1.000000;;
                  }
                  Frame Armature_mixamorig_RightHand {
                    FrameTransformMatrix {
                       0.921007, 0.385572,-0.055494, 0.000000,
                      -0.342215, 0.868911, 0.357608, 0.000000,
                       0.186103,-0.310368, 0.932222, 0.000000,
                      -0.000002,21.603388,-0.000001, 1.000000;;
                    }
                    Frame Armature_mixamorig_RightHandIndex1 {
                      FrameTransformMatrix {
                         0.998406, 0.056372,-0.002892, 0.000000,
                        -0.024424, 0.477619, 0.878227, 0.000000,
                         0.050889,-0.876756, 0.478235, 0.000000,
                         2.341897, 9.909702,-0.290999, 1.000000;;
                      }
                      Frame Armature_mixamorig_RightHandIndex2 {
                        FrameTransformMatrix {
                           0.997036,-0.076931,-0.000082, 0.000000,
                           0.030618, 0.395833, 0.917812, 0.000000,
                          -0.070576,-0.915094, 0.397015, 0.000000,
                           0.000005, 3.776805,-0.000006, 1.000000;;
                        }
                        Frame Armature_mixamorig_RightHandIndex3 {
                          FrameTransformMatrix {
                             0.999418, 0.007211, 0.033330, 0.000000,
                            -0.032369, 0.508175, 0.860645, 0.000000,
                            -0.010732,-0.861223, 0.508113, 0.000000,
                             0.000002, 2.542994,-0.000002, 1.000000;;
                          }
                          Frame Armature_mixamorig_RightHandIndex4 {
                            FrameTransformMatrix {
                               1.000000, 0.000000,-0.000000, 0.000000,
                              -0.000000, 1.000000, 0.000000, 0.000000,
                               0.000000, 0.000000, 1.000000, 0.000000,
                              -0.000002, 2.529009, 0.000000, 1.000000;;
                            }
                          } // End of Armature_mixamorig_RightHandIndex4
                        } // End of Armature_mixamorig_RightHandIndex3
                      } // End of Armature_mixamorig_RightHandIndex2
                    } // End of Armature_mixamorig_RightHandIndex1
                    Frame Armature_mixamorig_RightHandMiddle1 {
                      FrameTransformMatrix {
                         0.999762, 0.001784,-0.021765, 0.000000,
                         0.019558, 0.370163, 0.928761, 0.000000,
                         0.009714,-0.928965, 0.370040, 0.000000,
                        -0.000018, 9.700703,-0.000004, 1.000000;;
                      }
                      Frame Armature_mixamorig_RightHandMiddle2 {
                        FrameTransformMatrix {
                           0.996312,-0.085788,-0.001636, 0.000000,
                           0.009854, 0.095462, 0.995384, 0.000000,
                          -0.085236,-0.991730, 0.095956, 0.000000,
                           0.000005, 4.014699,-0.000004, 1.000000;;
                        }
                        Frame Armature_mixamorig_RightHandMiddle3 {
                          FrameTransformMatrix {
                             0.999605, 0.023109, 0.015983, 0.000000,
                            -0.028081, 0.841186, 0.540017, 0.000000,
                            -0.000965,-0.540253, 0.841502, 0.000000,
                            -0.000008, 2.996715, 0.000001, 1.000000;;
                          }
                          Frame Armature_mixamorig_RightHandMiddle4 {
                            FrameTransformMatrix {
                               1.000000,-0.000000,-0.000000, 0.000000,
                               0.000000, 1.000000,-0.000000, 0.000000,
                               0.000000, 0.000000, 1.000000, 0.000000,
                               0.000005, 2.824993, 0.000011, 1.000000;;
                            }
                          } // End of Armature_mixamorig_RightHandMiddle4
                        } // End of Armature_mixamorig_RightHandMiddle3
                      } // End of Armature_mixamorig_RightHandMiddle2
                    } // End of Armature_mixamorig_RightHandMiddle1
                    Frame Armature_mixamorig_RightHandPinky1 {
                      FrameTransformMatrix {
                         0.997605,-0.002835,-0.069111, 0.000000,
                         0.069161, 0.056378, 0.996011, 0.000000,
                         0.001072,-0.998406, 0.056439, 0.000000,
                        -4.712736, 8.985506,-0.220997, 1.000000;;
                      }
                      Frame Armature_mixamorig_RightHandPinky2 {
                        FrameTransformMatrix {
                           0.999999,-0.001314,-0.000656, 0.000000,
                           0.001298, 0.581908, 0.813254, 0.000000,
                          -0.000687,-0.813254, 0.581909, 0.000000,
                           0.000008, 3.562499, 0.000002, 1.000000;;
                        }
                        Frame Armature_mixamorig_RightHandPinky3 {
                          FrameTransformMatrix {
                             1.000000,-0.000675,-0.000165, 0.000000,
                             0.000679, 0.900092, 0.435700, 0.000000,
                            -0.000146,-0.435700, 0.900092, 0.000000,
                            -0.000005, 2.335190, 0.000000, 1.000000;;
                          }
                          Frame Armature_mixamorig_RightHandPinky4 {
                            FrameTransformMatrix {
                               1.000000,-0.000000, 0.000000, 0.000000,
                               0.000000, 1.000000, 0.000000, 0.000000,
                              -0.000000,-0.000000, 1.000000, 0.000000,
                               0.000000, 2.037313,-0.000006, 1.000000;;
                            }
                          } // End of Armature_mixamorig_RightHandPinky4
                        } // End of Armature_mixamorig_RightHandPinky3
                      } // End of Armature_mixamorig_RightHandPinky2
                    } // End of Armature_mixamorig_RightHandPinky1
                    Frame Armature_mixamorig_RightHandRing1 {
                      FrameTransformMatrix {
                         0.996671, 0.080115, 0.015102, 0.000000,
                        -0.029902, 0.186895, 0.981925, 0.000000,
                         0.075845,-0.979108, 0.188668, 0.000000,
                        -2.241699, 9.308403,-0.143000, 1.000000;;
                      }
                      Frame Armature_mixamorig_RightHandRing2 {
                        FrameTransformMatrix {
                           0.999714,-0.020160,-0.012887, 0.000000,
                           0.018150, 0.288030, 0.957449, 0.000000,
                          -0.015590,-0.957409, 0.288314, 0.000000,
                           0.000005, 4.019381, 0.000002, 1.000000;;
                        }
                        Frame Armature_mixamorig_RightHandRing3 {
                          FrameTransformMatrix {
                             0.999785, 0.020714,-0.001214, 0.000000,
                            -0.015298, 0.775388, 0.631300, 0.000000,
                             0.014019,-0.631145, 0.775538, 0.000000,
                            -0.000011, 2.790809, 0.000003, 1.000000;;
                          }
                          Frame Armature_mixamorig_RightHandRing4 {
                            FrameTransformMatrix {
                               1.000000,-0.000000, 0.000000, 0.000000,
                               0.000000, 1.000000, 0.000000, 0.000000,
                              -0.000000,-0.000000, 1.000000, 0.000000,
                               0.000010, 2.540699,-0.000010, 1.000000;;
                            }
                          } // End of Armature_mixamorig_RightHandRing4
                        } // End of Armature_mixamorig_RightHandRing3
                      } // End of Armature_mixamorig_RightHandRing2
                    } // End of Armature_mixamorig_RightHandRing1
                    Frame Armature_mixamorig_RightHandThumb1 {
                      FrameTransformMatrix {
                         0.976735,-0.103502, 0.187820, 0.000000,
                        -0.095348, 0.574893, 0.812654, 0.000000,
                        -0.192088,-0.811656, 0.551649, 0.000000,
                         2.370385, 3.545604, 1.909002, 1.000000;;
                      }
                      Frame Armature_mixamorig_RightHandThumb2 {
                        FrameTransformMatrix {
                           0.951148, 0.004181, 0.308705, 0.000000,
                           0.056203, 0.980855,-0.186452, 0.000000,
                          -0.303574, 0.194694, 0.932704, 0.000000,
                           0.000002, 2.807979, 0.000007, 1.000000;;
                        }
                        Frame Armature_mixamorig_RightHandThumb3 {
                          FrameTransformMatrix {
                             0.927233, 0.225973,-0.298626, 0.000000,
                            -0.295370, 0.931510,-0.212241, 0.000000,
                             0.230212, 0.285002, 0.930472, 0.000000,
                            -0.000010, 2.378975, 0.000011, 1.000000;;
                          }
                          Frame Armature_mixamorig_RightHandThumb4 {
                            FrameTransformMatrix {
                               1.000000,-0.000000, 0.000000, 0.000000,
                              -0.000000, 1.000000, 0.000000, 0.000000,
                              -0.000000,-0.000000, 1.000000, 0.000000,
                               0.000000, 2.445259, 0.000011, 1.000000;;
                            }
                          } // End of Armature_mixamorig_RightHandThumb4
                        } // End of Armature_mixamorig_RightHandThumb3
                      } // End of Armature_mixamorig_RightHandThumb2
                    } // End of Armature_mixamorig_RightHandThumb1
                  } // End of Armature_mixamorig_RightHand
                } // End of Armature_mixamorig_RightForeArm
              } // End of Armature_mixamorig_RightArm
            } // End of Armature_mixamorig_RightShoulder
          } // End of Armature_mixamorig_Spine2
        } // End of Armature_mixamorig_Spine1
      } // End of Armature_mixamorig_Spine
    } // End of Armature_mixamorig_Hips
    Frame Paladin_J_Nordstrom {
      FrameTransformMatrix {
         1.000000,-0.000000,-0.000000, 0.000000,
        -0.000000, 1.000000, 0.000000, 0.000000,
        -0.000000, 0.000000, 1.000000, 0.000000,
        -0.000000,-0.000001,-0.000000, 1.000000;;
      }
    } // End of Paladin_J_Nordstrom
    Frame Paladin_J_Nordstrom_Helmet {
      FrameTransformMatrix {
         1.000000,-0.000000,-0.000000, 0.000000,
         0.000000, 1.000000, 0.000000, 0.000000,
        -0.000000, 0.000000, 1.000000, 0.000000,
         0.000001,-0.000000,-0.000001, 1.000000;;
      }
    } // End of Paladin_J_Nordstrom_Helmet
  } // End of Armature
} // End of Root
AnimationSet Global {
  Animation {
    {Armature}
    AnimationKey { // Rotation
      0;
      44;
      0;4;-0.707107, 0.707107, 0.000000, 0.000000;;,
      1;4;-0.707107, 0.707107, 0.000000, 0.000000;;,
      2;4;-0.707107, 0.707107, 0.000000, 0.000000;;,
      3;4;-0.707107, 0.707107, 0.000000, 0.000000;;,
      4;4;-0.707107, 0.707107, 0.000000, 0.000000;;,
      5;4;-0.707107, 0.707107, 0.000000, 0.000000;;,
      6;4;-0.707107, 0.707107, 0.000000, 0.000000;;,
      7;4;-0.707107, 0.707107, 0.000000, 0.000000;;,
      8;4;-0.707107, 0.707107, 0.000000, 0.000000;;,
      9;4;-0.707107, 0.707107, 0.000000, 0.000000;;,
      10;4;-0.707107, 0.707107, 0.000000, 0.000000;;,
      11;4;-0.707107, 0.707107, 0.000000, 0.000000;;,
      12;4;-0.707107, 0.707107, 0.000000, 0.000000;;,
      13;4;-0.707107, 0.707107, 0.000000, 0.000000;;,
      14;4;-0.707107, 0.707107, 0.000000, 0.000000;;,
      15;4;-0.707107, 0.707107, 0.000000, 0.000000;;,
      16;4;-0.707107, 0.707107, 0.000000, 0.000000;;,
      17;4;-0.707107, 0.707107, 0.000000, 0.000000;;,
      18;4;-0.707107, 0.707107, 0.000000, 0.000000;;,
      19;4;-0.707107, 0.707107, 0.000000, 0.000000;;,
      20;4;-0.707107, 0.707107, 0.000000, 0.000000;;,
      21;4;-0.707107, 0.707107, 0.000000, 0.000000;;,
      22;4;-0.707107, 0.707107, 0.000000, 0.000000;;,
      23;4;-0.707107, 0.707107, 0.000000, 0.000000;;,
      24;4;-0.707107, 0.707107, 0.000000, 0.000000;;,
      25;4;-0.707107, 0.707107, 0.000000, 0.000000;;,
      26;4;-0.707107, 0.707107, 0.000000, 0.000000;;,
      27;4;-0.707107, 0.707107, 0.000000, 0.000000;;,
      28;4;-0.707107, 0.707107, 0.000000, 0.000000;;,
      29;4;-0.707107, 0.707107, 0.000000, 0.000000;;,
      30;4;-0.707107, 0.707107, 0.000000, 0.000000;;,
      31;4;-0.707107, 0.707107, 0.000000, 0.000000;;,
      32;4;-0.707107, 0.707107, 0.000000, 0.000000;;,
      33;4;-0.707107, 0.707107, 0.000000, 0.000000;;,
      34;4;-0.707107, 0.707107, 0.000000, 0.000000;;,
      35;4;-0.707107, 0.707107, 0.000000, 0.000000;;,
      36;4;-0.707107, 0.707107, 0.000000, 0.000000;;,
      37;4;-0.707107, 0.707107, 0.000000, 0.000000;;,
      38;4;-0.707107, 0.707107, 0.000000, 0.000000;;,
      39;4;-0.707107, 0.707107, 0.000000, 0.000000;;,
      40;4;-0.707107, 0.707107, 0.000000, 0.000000;;,
      41;4;-0.707107, 0.707107, 0.000000, 0.000000;;,
      42;4;-0.707107, 0.707107, 0.000000, 0.000000;;,
      43;4;-0.707107, 0.707107, 0.000000, 0.000000;;;
    }
    AnimationKey { // Scale
      1;
      44;
      0;3; 0.100000, 0.100000, 0.100000;;,
      1;3; 0.100000, 0.100000, 0.100000;;,
      2;3; 0.100000, 0.100000, 0.100000;;,
      3;3; 0.100000, 0.100000, 0.100000;;,
      4;3; 0.100000, 0.100000, 0.100000;;,
      5;3; 0.100000, 0.100000, 0.100000;;,
      6;3; 0.100000, 0.100000, 0.100000;;,
      7;3; 0.100000, 0.100000, 0.100000;;,
      8;3; 0.100000, 0.100000, 0.100000;;,
      9;3; 0.100000, 0.100000, 0.100000;;,
      10;3; 0.100000, 0.100000, 0.100000;;,
      11;3; 0.100000, 0.100000, 0.100000;;,
      12;3; 0.100000, 0.100000, 0.100000;;,
      13;3; 0.100000, 0.100000, 0.100000;;,
      14;3; 0.100000, 0.100000, 0.100000;;,
      15;3; 0.100000, 0.100000, 0.100000;;,
      16;3; 0.100000, 0.100000, 0.100000;;,
      17;3; 0.100000, 0.100000, 0.100000;;,
      18;3; 0.100000, 0.100000, 0.100000;;,
      19;3; 0.100000, 0.100000, 0.100000;;,
      20;3; 0.100000, 0.100000, 0.100000;;,
      21;3; 0.100000, 0.100000, 0.100000;;,
      22;3; 0.100000, 0.100000, 0.100000;;,
      23;3; 0.100000, 0.100000, 0.100000;;,
      24;3; 0.100000, 0.100000, 0.100000;;,
      25;3; 0.100000, 0.100000, 0.100000;;,
      26;3; 0.100000, 0.100000, 0.100000;;,
      27;3; 0.100000, 0.100000, 0.100000;;,
      28;3; 0.100000, 0.100000, 0.100000;;,
      29;3; 0.100000, 0.100000, 0.100000;;,
      30;3; 0.100000, 0.100000, 0.100000;;,
      31;3; 0.100000, 0.100000, 0.100000;;,
      32;3; 0.100000, 0.100000, 0.100000;;,
      33;3; 0.100000, 0.100000, 0.100000;;,
      34;3; 0.100000, 0.100000, 0.100000;;,
      35;3; 0.100000, 0.100000, 0.100000;;,
      36;3; 0.100000, 0.100000, 0.100000;;,
      37;3; 0.100000, 0.100000, 0.100000;;,
      38;3; 0.100000, 0.100000, 0.100000;;,
      39;3; 0.100000, 0.100000, 0.100000;;,
      40;3; 0.100000, 0.100000, 0.100000;;,
      41;3; 0.100000, 0.100000, 0.100000;;,
      42;3; 0.100000, 0.100000, 0.100000;;,
      43;3; 0.100000, 0.100000, 0.100000;;;
    }
    AnimationKey { // Position
      2;
      44;
      0;3; 0.000000, 0.000000, 0.000000;;,
      1;3; 0.000000, 0.000000, 0.000000;;,
      2;3; 0.000000, 0.000000, 0.000000;;,
      3;3; 0.000000, 0.000000, 0.000000;;,
      4;3; 0.000000, 0.000000, 0.000000;;,
      5;3; 0.000000, 0.000000, 0.000000;;,
      6;3; 0.000000, 0.000000, 0.000000;;,
      7;3; 0.000000, 0.000000, 0.000000;;,
      8;3; 0.000000, 0.000000, 0.000000;;,
      9;3; 0.000000, 0.000000, 0.000000;;,
      10;3; 0.000000, 0.000000, 0.000000;;,
      11;3; 0.000000, 0.000000, 0.000000;;,
      12;3; 0.000000, 0.000000, 0.000000;;,
      13;3; 0.000000, 0.000000, 0.000000;;,
      14;3; 0.000000, 0.000000, 0.000000;;,
      15;3; 0.000000, 0.000000, 0.000000;;,
      16;3; 0.000000, 0.000000, 0.000000;;,
      17;3; 0.000000, 0.000000, 0.000000;;,
      18;3; 0.000000, 0.000000, 0.000000;;,
      19;3; 0.000000, 0.000000, 0.000000;;,
      20;3; 0.000000, 0.000000, 0.000000;;,
      21;3; 0.000000, 0.000000, 0.000000;;,
      22;3; 0.000000, 0.000000, 0.000000;;,
      23;3; 0.000000, 0.000000, 0.000000;;,
      24;3; 0.000000, 0.000000, 0.000000;;,
      25;3; 0.000000, 0.000000, 0.000000;;,
      26;3; 0.000000, 0.000000, 0.000000;;,
      27;3; 0.000000, 0.000000, 0.000000;;,
      28;3; 0.000000, 0.000000, 0.000000;;,
      29;3; 0.000000, 0.000000, 0.000000;;,
      30;3; 0.000000, 0.000000, 0.000000;;,
      31;3; 0.000000, 0.000000, 0.000000;;,
      32;3; 0.000000, 0.000000, 0.000000;;,
      33;3; 0.000000, 0.000000, 0.000000;;,
      34;3; 0.000000, 0.000000, 0.000000;;,
      35;3; 0.000000, 0.000000, 0.000000;;,
      36;3; 0.000000, 0.000000, 0.000000;;,
      37;3; 0.000000, 0.000000, 0.000000;;,
      38;3; 0.000000, 0.000000, 0.000000;;,
      39;3; 0.000000, 0.000000, 0.000000;;,
      40;3; 0.000000, 0.000000, 0.000000;;,
      41;3; 0.000000, 0.000000, 0.000000;;,
      42;3; 0.000000, 0.000000, 0.000000;;,
      43;3; 0.000000, 0.000000, 0.000000;;;
    }
  }
  Animation {
    {Armature_mixamorig_Hips}
    AnimationKey { // Rotation
      0;
      44;
      0;4;-0.886323, 0.074331,-0.456068, 0.030144;;,
      1;4;-0.886323, 0.074331,-0.456068, 0.030144;;,
      2;4;-0.887807, 0.065687,-0.454126, 0.035405;;,
      3;4;-0.889195, 0.057036,-0.452136, 0.040663;;,
      4;4;-0.891735, 0.035293,-0.449341, 0.040682;;,
      5;4;-0.893842, 0.013533,-0.446327, 0.040681;;,
      6;4;-0.895410,-0.017850,-0.443597, 0.033835;;,
      7;4;-0.896044,-0.049215,-0.440404, 0.026954;;,
      8;4;-0.894212,-0.074888,-0.440849, 0.020706;;,
      9;4;-0.891752,-0.100509,-0.440984, 0.014444;;,
      10;4;-0.887419,-0.118464,-0.445325, 0.011820;;,
      11;4;-0.882760,-0.136376,-0.449503, 0.009191;;,
      12;4;-0.877954,-0.142138,-0.456984, 0.012585;;,
      13;4;-0.873040,-0.147882,-0.464409, 0.015977;;,
      14;4;-0.869360,-0.148373,-0.470899, 0.021275;;,
      15;4;-0.865607,-0.148851,-0.477349, 0.026571;;,
      16;4;-0.863335,-0.148146,-0.481437, 0.030384;;,
      17;4;-0.861032,-0.147436,-0.485507, 0.034197;;,
      18;4;-0.863998,-0.144381,-0.481223, 0.032963;;,
      19;4;-0.866931,-0.141321,-0.476920, 0.031728;;,
      20;4;-0.875050,-0.133994,-0.464155, 0.029891;;,
      21;4;-0.882919,-0.126629,-0.451257, 0.028046;;,
      22;4;-0.886774,-0.117877,-0.445770, 0.032043;;,
      23;4;-0.890507,-0.109109,-0.440221, 0.036036;;,
      24;4;-0.888341,-0.095825,-0.447069, 0.042381;;,
      25;4;-0.885938,-0.082515,-0.453798, 0.048714;;,
      26;4;-0.881008,-0.065772,-0.465413, 0.053751;;,
      27;4;-0.875669,-0.048998,-0.476813, 0.058763;;,
      28;4;-0.872283,-0.032515,-0.484356, 0.058858;;,
      29;4;-0.868601,-0.016022,-0.491735, 0.058933;;,
      30;4;-0.871839,-0.006019,-0.486767, 0.054028;;,
      31;4;-0.874938, 0.003985,-0.481722, 0.049115;;,
      32;4;-0.881002, 0.011752,-0.470748, 0.045761;;,
      33;4;-0.886864, 0.019515,-0.459667, 0.042397;;,
      34;4;-0.889886, 0.030149,-0.452915, 0.045398;;,
      35;4;-0.892752, 0.040777,-0.446083, 0.048390;;,
      36;4;-0.892183, 0.047313,-0.446651, 0.047682;;,
      37;4;-0.891576, 0.053847,-0.447199, 0.046971;;,
      38;4;-0.890556, 0.053998,-0.449775, 0.041188;;,
      39;4;-0.889500, 0.054147,-0.452333, 0.035403;;,
      40;4;-0.888348, 0.057322,-0.454362, 0.033275;;,
      41;4;-0.887178, 0.060496,-0.456382, 0.031148;;,
      42;4;-0.886772, 0.067416,-0.456236, 0.030647;;,
