xof 0303txt 0032

template XSkinMeshHeader {
  <3cf169ce-ff7c-44ab-93c0-f78f62d172e2>
  WORD nMaxSkinWeightsPerVertex;
  WORD nMaxSkinWeightsPerFace;
  WORD nBones;
}

template SkinWeights {
  <6f0d123b-bad2-4167-a0d0-80224f25fabb>
  STRING transformNodeName;
  DWORD nWeights;
  array DWORD vertexIndices[nWeights];
  array float weights[nWeights];
  Matrix4x4 matrixOffset;
}

Frame Root {
  FrameTransformMatrix {
     1.000000, 0.000000, 0.000000, 0.000000,
     0.000000,-0.000000,-1.000000, 0.000000,
     0.000000, 1.000000,-0.000000, 0.000000,
     0.000000, 0.000000, 0.000000, 1.000000;;
  }
  Frame Armature {
    FrameTransformMatrix {
       0.100000, 0.000000, 0.000000, 0.000000,
       0.000000,-0.000000, 0.100000, 0.000000,
       0.000000,-0.100000,-0.000000, 0.000000,
       0.000000, 0.000000, 0.000000, 1.000000;;
    }
    Frame Armature_mixamorig_Hips {
      FrameTransformMatrix {
         0.961906, 0.100181, 0.254362, 0.000000,
        -0.120203, 0.990659, 0.064392, 0.000000,
        -0.245535,-0.092514, 0.964963, 0.000000,
         0.000591,85.598228, 0.037722, 1.000000;;
      }
      Frame Armature_mixamorig_LeftUpLeg {
        FrameTransformMatrix {
          -0.913073, 0.275008, 0.301091, 0.000000,
          -0.001125,-0.740083, 0.672477, 0.000000,
           0.407793, 0.613717, 0.676017, 0.000000,
           9.789100,-5.875907,-0.583700, 1.000000;;
        }
        Frame Armature_mixamorig_LeftLeg {
          FrameTransformMatrix {
             0.880660,-0.454988,-0.132001, 0.000000,
            -0.297982,-0.315375,-0.900969, 0.000000,
             0.368300, 0.832781,-0.413317, 0.000000,
             0.000000,41.702000,-0.000003, 1.000000;;
          }
          Frame Armature_mixamorig_LeftFoot {
            FrameTransformMatrix {
               0.995979, 0.020927,-0.087105, 0.000000,
               0.037135, 0.788417, 0.614019, 0.000000,
               0.081525,-0.614785, 0.784470, 0.000000,
               0.000003,36.981030,-0.000001, 1.000000;;
            }
            Frame Armature_mixamorig_LeftToeBase {
              FrameTransformMatrix {
                 0.989072, 0.058809, 0.135194, 0.000000,
                -0.111932, 0.896352, 0.428981, 0.000000,
                -0.095953,-0.439425, 0.893140, 0.000000,
                -0.000001,16.700539,-0.000002, 1.000000;;
              }
              Frame Armature_mixamorig_LeftToe_End {
                FrameTransformMatrix {
                   1.000000,-0.000000,-0.000000, 0.000000,
                   0.000000, 1.000000, 0.000000, 0.000000,
                   0.000000,-0.000000, 1.000000, 0.000000,
                   0.000001, 7.120430, 0.000000, 1.000000;;
                }
              } // End of Armature_mixamorig_LeftToe_End
            } // End of Armature_mixamorig_LeftToeBase
          } // End of Armature_mixamorig_LeftFoot
        } // End of Armature_mixamorig_LeftLeg
      } // End of Armature_mixamorig_LeftUpLeg
      Frame Armature_mixamorig_RightUpLeg {
        FrameTransformMatrix {
          -0.948039, 0.025335,-0.317125, 0.000000,
          -0.198180,-0.826838, 0.526339, 0.000000,
          -0.248892, 0.561869, 0.788846, 0.000000,
          -9.857699,-5.875900,-0.583700, 1.000000;;
        }
        Frame Armature_mixamorig_RightLeg {
          FrameTransformMatrix {
             0.851080, 0.245564, 0.464070, 0.000000,
            -0.056060, 0.921332,-0.384714, 0.000000,
            -0.522034, 0.301407, 0.797893, 0.000000,
            -0.000001,41.701996, 0.000005, 1.000000;;
          }
          Frame Armature_mixamorig_RightFoot {
            FrameTransformMatrix {
               0.987297, 0.157665,-0.019643, 0.000000,
              -0.148041, 0.957751, 0.246570, 0.000000,
               0.057688,-0.240530, 0.968926, 0.000000,
              -0.000001,36.981026, 0.000001, 1.000000;;
            }
            Frame Armature_mixamorig_RightToeBase {
              FrameTransformMatrix {
                 0.990559,-0.124116, 0.058205, 0.000000,
                 0.027234, 0.594289, 0.803791, 0.000000,
                -0.134354,-0.794617, 0.592058, 0.000000,
                 0.000002,16.700537,-0.000004, 1.000000;;
              }
              Frame Armature_mixamorig_RightToe_End {
                FrameTransformMatrix {
                   1.000000, 0.000000, 0.000000, 0.000000,
                  -0.000000, 1.000000, 0.000000, 0.000000,
                  -0.000000,-0.000000, 1.000000, 0.000000,
                  -0.000000, 7.120428, 0.000000, 1.000000;;
                }
              } // End of Armature_mixamorig_RightToe_End
            } // End of Armature_mixamorig_RightToeBase
          } // End of Armature_mixamorig_RightFoot
        } // End of Armature_mixamorig_RightLeg
      } // End of Armature_mixamorig_RightUpLeg
      Frame Armature_mixamorig_Spine {
        FrameTransformMatrix {
           0.988975,-0.147048, 0.017498, 0.000000,
           0.134286, 0.940342, 0.312609, 0.000000,
          -0.062423,-0.306813, 0.949720, 0.000000,
           0.017300,10.574793,-1.117200, 1.000000;;
        }
        Frame Armature_mixamorig_Spine1 {
          FrameTransformMatrix {
             0.999121,-0.041309, 0.007106, 0.000000,
             0.041019, 0.998473, 0.036994, 0.000000,
            -0.008624,-0.036670, 0.999290, 0.000000,
            -0.000001,12.405997,-0.000004, 1.000000;;
          }
          Frame Armature_mixamorig_Spine2 {
            FrameTransformMatrix {
               0.998979,-0.045147, 0.001507, 0.000000,
               0.044414, 0.987744, 0.149633, 0.000000,
              -0.008244,-0.149413, 0.988741, 0.000000,
              -0.000001,14.178303, 0.000005, 1.000000;;
            }
            Frame Armature_mixamorig_LeftShoulder {
              FrameTransformMatrix {
                 0.080635,-0.083625,-0.993229, 0.000000,
                 0.932653,-0.345223, 0.104783, 0.000000,
                -0.351648,-0.934788, 0.050156, 0.000000,
                 5.935000,13.670196,-1.662603, 1.000000;;
              }
              Frame Armature_mixamorig_LeftArm {
                FrameTransformMatrix {
                   0.961101,-0.261211, 0.089742, 0.000000,
                   0.196972, 0.875997, 0.440263, 0.000000,
                  -0.193615,-0.405461, 0.893373, 0.000000,
                  -0.000005,12.607899, 0.000006, 1.000000;;
                }
                Frame Armature_mixamorig_LeftForeArm {
                  FrameTransformMatrix {
                     0.723407, 0.543497, 0.425785, 0.000000,
                    -0.592262, 0.805449,-0.021872, 0.000000,
                    -0.354835,-0.236354, 0.904560, 0.000000,
                    -0.000005,25.574297, 0.000005, 1.000000;;
                  }
                  Frame Armature_mixamorig_LeftHand {
                    FrameTransformMatrix {
                       0.878053, 0.475968, 0.049769, 0.000000,
                      -0.476350, 0.859265, 0.186424, 0.000000,
                       0.045967,-0.187398, 0.981208, 0.000000,
                       0.000003,21.603418,-0.000011, 1.000000;;
                    }
                    Frame Armature_mixamorig_LeftHandIndex1 {
                      FrameTransformMatrix {
                         0.991294, 0.108587, 0.074466, 0.000000,
                        -0.131309, 0.773572, 0.619955, 0.000000,
                         0.009714,-0.624336, 0.781096, 0.000000,
                        -2.341900, 9.909710,-0.291391, 1.000000;;
                      }
                      Frame Armature_mixamorig_LeftHandIndex2 {
                        FrameTransformMatrix {
                           0.997040, 0.076882, 0.000021, 0.000000,
                          -0.057006, 0.739094, 0.671186, 0.000000,
                           0.051586,-0.669201, 0.741289, 0.000000,
                           0.000003, 3.776709,-0.000001, 1.000000;;
                        }
                        Frame Armature_mixamorig_LeftHandIndex3 {
                          FrameTransformMatrix {
                             0.999424,-0.033708,-0.003977, 0.000000,
                             0.033940, 0.993390, 0.109653, 0.000000,
                             0.000255,-0.109724, 0.993962, 0.000000,
                            -0.000006, 2.542997, 0.000001, 1.000000;;
                          }
                          Frame Armature_mixamorig_LeftHandIndex4 {
                            FrameTransformMatrix {
                               1.000000,-0.000000, 0.000000, 0.000000,
                               0.000000, 1.000000,-0.000000, 0.000000,
                               0.000000, 0.000000, 1.000000, 0.000000,
                              -0.000006, 2.529099, 0.000003, 1.000000;;
                            }
                          } // End of Armature_mixamorig_LeftHandIndex4
                        } // End of Armature_mixamorig_LeftHandIndex3
                      } // End of Armature_mixamorig_LeftHandIndex2
                    } // End of Armature_mixamorig_LeftHandIndex1
                    Frame Armature_mixamorig_LeftHandMiddle1 {
                      FrameTransformMatrix {
                         0.999250, 0.037015, 0.011413, 0.000000,
                        -0.035965, 0.777209, 0.628214, 0.000000,
                         0.014383,-0.628153, 0.777957, 0.000000,
                         0.000000, 9.700809, 0.000003, 1.000000;;
                      }
                      Frame Armature_mixamorig_LeftHandMiddle2 {
                        FrameTransformMatrix {
                           0.996352, 0.085335, 0.000865, 0.000000,
                          -0.054615, 0.629817, 0.774821, 0.000000,
                           0.065575,-0.772041, 0.632180, 0.000000,
                          -0.000006, 4.014593, 0.000002, 1.000000;;
                        }
                        Frame Armature_mixamorig_LeftHandMiddle3 {
                          FrameTransformMatrix {
                             0.999596,-0.026681,-0.009832, 0.000000,
                             0.028422, 0.947885, 0.317343, 0.000000,
                             0.000852,-0.317494, 0.948260, 0.000000,
                             0.000007, 2.996708,-0.000004, 1.000000;;
                          }
                          Frame Armature_mixamorig_LeftHandMiddle4 {
                            FrameTransformMatrix {
                               1.000000,-0.000000,-0.000000, 0.000000,
                              -0.000000, 1.000000,-0.000000, 0.000000,
                               0.000000, 0.000000, 1.000000, 0.000000,
                              -0.000010, 2.824991,-0.000001, 1.000000;;
                            }
                          } // End of Armature_mixamorig_LeftHandMiddle4
                        } // End of Armature_mixamorig_LeftHandMiddle3
                      } // End of Armature_mixamorig_LeftHandMiddle2
                    } // End of Armature_mixamorig_LeftHandMiddle1
                    Frame Armature_mixamorig_LeftHandPinky1 {
                      FrameTransformMatrix {
                         0.990339, 0.093299, 0.102587, 0.000000,
                        -0.138101, 0.596753, 0.790452, 0.000000,
                         0.012530,-0.796982, 0.603873, 0.000000,
                         4.712703, 8.985521,-0.221596, 1.000000;;
                      }
                      Frame Armature_mixamorig_LeftHandPinky2 {
                        FrameTransformMatrix {
                           0.999999, 0.001412, 0.000977, 0.000000,
                          -0.001341, 0.286580, 0.958055, 0.000000,
                           0.001073,-0.958055, 0.286581, 0.000000,
                           0.000004, 3.562495, 0.000001, 1.000000;;
                        }
                        Frame Armature_mixamorig_LeftHandPinky3 {
                          FrameTransformMatrix {
                             1.000000, 0.000694, 0.000182, 0.000000,
                            -0.000693, 0.870704, 0.491807, 0.000000,
                             0.000183,-0.491807, 0.870704, 0.000000,
                            -0.000001, 2.335212, 0.000000, 1.000000;;
                          }
                          Frame Armature_mixamorig_LeftHandPinky4 {
                            FrameTransformMatrix {
                               1.000000, 0.000000, 0.000000, 0.000000,
                              -0.000000, 1.000000,-0.000000, 0.000000,
                              -0.000000,-0.000000, 1.000000, 0.000000,
                               0.000005, 2.037299,-0.000009, 1.000000;;
                            }
                          } // End of Armature_mixamorig_LeftHandPinky4
                        } // End of Armature_mixamorig_LeftHandPinky3
                      } // End of Armature_mixamorig_LeftHandPinky2
                    } // End of Armature_mixamorig_LeftHandPinky1
                    Frame Armature_mixamorig_LeftHandRing1 {
                      FrameTransformMatrix {
                         0.999939,-0.003801, 0.010381, 0.000000,
                        -0.007470, 0.459970, 0.887903, 0.000000,
                        -0.008150,-0.887926, 0.459914, 0.000000,
                         2.241702, 9.308419,-0.143492, 1.000000;;
                      }
                      Frame Armature_mixamorig_LeftHandRing2 {
                        FrameTransformMatrix {
                           0.999744, 0.016952, 0.015008, 0.000000,
                          -0.022610, 0.712828, 0.700975, 0.000000,
                           0.001185,-0.701134, 0.713028, 0.000000,
                           0.000004, 4.019390,-0.000004, 1.000000;;
                        }
                        Frame Armature_mixamorig_LeftHandRing3 {
                          FrameTransformMatrix {
                             0.999773,-0.021263, 0.000938, 0.000000,
                             0.020219, 0.962567, 0.270288, 0.000000,
                            -0.006650,-0.270208, 0.962779, 0.000000,
                            -0.000006, 2.790812, 0.000001, 1.000000;;
                          }
                          Frame Armature_mixamorig_LeftHandRing4 {
                            FrameTransformMatrix {
                               1.000000, 0.000000, 0.000000, 0.000000,
                              -0.000000, 1.000000, 0.000000, 0.000000,
                              -0.000000,-0.000000, 1.000000, 0.000000,
                              -0.000002, 2.540696,-0.000010, 1.000000;;
                            }
                          } // End of Armature_mixamorig_LeftHandRing4
                        } // End of Armature_mixamorig_LeftHandRing3
                      } // End of Armature_mixamorig_LeftHandRing2
                    } // End of Armature_mixamorig_LeftHandRing1
                    Frame Armature_mixamorig_LeftHandThumb1 {
                      FrameTransformMatrix {
                         0.865766, 0.491568,-0.093858, 0.000000,
                        -0.457348, 0.853307, 0.250400, 0.000000,
                         0.203179,-0.173862, 0.963582, 0.000000,
                        -2.370399, 3.545619, 1.908198, 1.000000;;
                      }
                      Frame Armature_mixamorig_LeftHandThumb2 {
                        FrameTransformMatrix {
                           0.954992,-0.274752,-0.111807, 0.000000,
                           0.291755, 0.938075, 0.186800, 0.000000,
                           0.053560,-0.211013, 0.976015, 0.000000,
                          -0.000009, 2.808395, 0.000001, 1.000000;;
                        }
                        Frame Armature_mixamorig_LeftHandThumb3 {
                          FrameTransformMatrix {
                             0.618159, 0.106484,-0.778808, 0.000000,
                             0.121190, 0.966025, 0.228273, 0.000000,
                             0.776655,-0.235493, 0.584252, 0.000000,
                            -0.000007, 2.378996, 0.000004, 1.000000;;
                          }
                          Frame Armature_mixamorig_LeftHandThumb4 {
                            FrameTransformMatrix {
                               1.000000, 0.000000, 0.000000, 0.000000,
                               0.000000, 1.000000,-0.000000, 0.000000,
                               0.000000, 0.000000, 1.000000, 0.000000,
                              -0.000004, 2.445002,-0.000002, 1.000000;;
                            }
                          } // End of Armature_mixamorig_LeftHandThumb4
                        } // End of Armature_mixamorig_LeftHandThumb3
                      } // End of Armature_mixamorig_LeftHandThumb2
                    } // End of Armature_mixamorig_LeftHandThumb1
                  } // End of Armature_mixamorig_LeftHand
                } // End of Armature_mixamorig_LeftForeArm
              } // End of Armature_mixamorig_LeftArm
            } // End of Armature_mixamorig_LeftShoulder
            Frame Armature_mixamorig_Neck {
              FrameTransformMatrix {
                 0.993650,-0.085090,-0.073615, 0.000000,
                 0.079664, 0.994090,-0.073739, 0.000000,
                 0.079454, 0.067407, 0.994557, 0.000000,
                 0.024400,15.862287,-1.675799, 1.000000;;
              }
              Frame Armature_mixamorig_Head {
                FrameTransformMatrix {
                   0.986447,-0.070778,-0.148030, 0.000000,
                  -0.004522, 0.890109,-0.455725, 0.000000,
                   0.164018, 0.450218, 0.877726, 0.000000,
                  -0.000000, 5.564002, 0.988090, 1.000000;;
                }
                Frame Armature_mixamorig_HeadTop_End {
                  FrameTransformMatrix {
                     1.000000,-0.000000, 0.000000, 0.000000,
                     0.000000, 1.000000,-0.000000, 0.000000,
                     0.000000, 0.000000, 1.000000, 0.000000,
                     0.000001,18.311916, 3.086901, 1.000000;;
                  }
                } // End of Armature_mixamorig_HeadTop_End
                Frame Armature_mixamorig_LeftEye {
                  FrameTransformMatrix {
                    -0.000000, 0.000000,-1.000000, 0.000000,
                     1.000000,-0.000000,-0.000000, 0.000000,
                    -0.000000,-1.000000,-0.000000, 0.000000,
                     2.284402, 7.935704, 7.063703, 1.000000;;
                  }
                } // End of Armature_mixamorig_LeftEye
                Frame Armature_mixamorig_RightEye {
                  FrameTransformMatrix {
                     0.000000, 0.000000, 1.000000, 0.000000,
                    -1.000000, 0.000000,-0.000000, 0.000000,
                    -0.000000,-1.000000,-0.000000, 0.000000,
                    -2.377500, 7.935716, 7.063703, 1.000000;;
                  }
                } // End of Armature_mixamorig_RightEye
              } // End of Armature_mixamorig_Head
            } // End of Armature_mixamorig_Neck
            Frame Armature_mixamorig_RightShoulder {
              FrameTransformMatrix {
                 0.074125,-0.020368, 0.997041, 0.000000,
                -0.997242, 0.002109, 0.074183, 0.000000,
                -0.003613,-0.999790,-0.020156, 0.000000,
                -5.935001,13.670595,-1.662597, 1.000000;;
              }
              Frame Armature_mixamorig_RightArm {
                FrameTransformMatrix {
                   0.983403,-0.155646, 0.093231, 0.000000,
                   0.091214, 0.868332, 0.487524, 0.000000,
                  -0.156837,-0.470929, 0.868118, 0.000000,
                   0.000010,12.607899, 0.000004, 1.000000;;
                }
                Frame Armature_mixamorig_RightForeArm {
                  FrameTransformMatrix {
                     0.113800,-0.881408,-0.458442, 0.000000,
                     0.987803, 0.149741,-0.042689, 0.000000,
                     0.106274,-0.447993, 0.887698, 0.000000,
                     0.000005,25.574301, 0.000009, 1.000000;;
                  }
                  Frame Armature_mixamorig_RightHand {
                    FrameTransformMatrix {
                       0.996418,-0.074751,-0.039536, 0.000000,
                       0.075764, 0.996818, 0.024776, 0.000000,
                       0.037558,-0.027683, 0.998911, 0.000000,
                      -0.000012,21.603401,-0.000002, 1.000000;;
                    }
                    Frame Armature_mixamorig_RightHandIndex1 {
                      FrameTransformMatrix {
                         0.998628, 0.052352,-0.001276, 0.000000,
                        -0.023919, 0.477655, 0.878222, 0.000000,
                         0.046586,-0.876986, 0.478251, 0.000000,
                         2.341900, 9.909702,-0.290990, 1.000000;;
                      }
                      Frame Armature_mixamorig_RightHandIndex2 {
                        FrameTransformMatrix {
                           0.997036,-0.076931,-0.000082, 0.000000,
                           0.030618, 0.395833, 0.917812, 0.000000,
                          -0.070576,-0.915094, 0.397016, 0.000000,
                           0.000002, 3.776800, 0.000004, 1.000000;;
                        }
                        Frame Armature_mixamorig_RightHandIndex3 {
                          FrameTransformMatrix {
                             0.999418, 0.007211, 0.033330, 0.000000,
                            -0.032368, 0.508175, 0.860645, 0.000000,
                            -0.010731,-0.861223, 0.508113, 0.000000,
                             0.000000, 2.543002,-0.000001, 1.000000;;
                          }
                          Frame Armature_mixamorig_RightHandIndex4 {
                            FrameTransformMatrix {
                               1.000000,-0.000000, 0.000000, 0.000000,
                               0.000000, 1.000000,-0.000000, 0.000000,
                               0.000000, 0.000000, 1.000000, 0.000000,
                               0.000004, 2.529004,-0.000004, 1.000000;;
                            }
                          } // End of Armature_mixamorig_RightHandIndex4
                        } // End of Armature_mixamorig_RightHandIndex3
                      } // End of Armature_mixamorig_RightHandIndex2
                    } // End of Armature_mixamorig_RightHandIndex1
                    Frame Armature_mixamorig_RightHandMiddle1 {
                      FrameTransformMatrix {
                         0.999766, 0.001958,-0.021526, 0.000000,
                         0.019272, 0.370172, 0.928763, 0.000000,
                         0.009787,-0.928961, 0.370048, 0.000000,
                        -0.000004, 9.700697, 0.000001, 1.000000;;
                      }
                      Frame Armature_mixamorig_RightHandMiddle2 {
                        FrameTransformMatrix {
                           0.996317,-0.085725,-0.001660, 0.000000,
                           0.009873, 0.095465, 0.995384, 0.000000,
                          -0.085171,-0.991735, 0.095960, 0.000000,
                           0.000006, 4.014692, 0.000004, 1.000000;;
                        }
                        Frame Armature_mixamorig_RightHandMiddle3 {
                          FrameTransformMatrix {
                             0.999607, 0.023207, 0.015694, 0.000000,
                            -0.028007, 0.841138, 0.540095, 0.000000,
                            -0.000666,-0.540322, 0.841458, 0.000000,
                             0.000007, 2.996713,-0.000006, 1.000000;;
                          }
                          Frame Armature_mixamorig_RightHandMiddle4 {
                            FrameTransformMatrix {
                               1.000000, 0.000000, 0.000000, 0.000000,
                              -0.000000, 1.000000, 0.000000, 0.000000,
                               0.000000,-0.000000, 1.000000, 0.000000,
                              -0.000010, 2.824993, 0.000007, 1.000000;;
                            }
                          } // End of Armature_mixamorig_RightHandMiddle4
                        } // End of Armature_mixamorig_RightHandMiddle3
                      } // End of Armature_mixamorig_RightHandMiddle2
                    } // End of Armature_mixamorig_RightHandMiddle1
                    Frame Armature_mixamorig_RightHandPinky1 {
                      FrameTransformMatrix {
                         0.997586,-0.002065,-0.069406, 0.000000,
                         0.069412, 0.056400, 0.995993, 0.000000,
                         0.001858,-0.998406, 0.056407, 0.000000,
                        -4.712707, 8.985504,-0.221000, 1.000000;;
                      }
                      Frame Armature_mixamorig_RightHandPinky2 {
                        FrameTransformMatrix {
                           0.999999,-0.001187,-0.000612, 0.000000,
                           0.001188, 0.581894, 0.813264, 0.000000,
                          -0.000610,-0.813264, 0.581895, 0.000000,
                           0.000006, 3.562498, 0.000001, 1.000000;;
                        }
                        Frame Armature_mixamorig_RightHandPinky3 {
                          FrameTransformMatrix {
                             1.000000,-0.000637,-0.000146, 0.000000,
                             0.000637, 0.900092, 0.435699, 0.000000,
                            -0.000146,-0.435699, 0.900092, 0.000000,
                             0.000002, 2.335209, 0.000003, 1.000000;;
                          }
                          Frame Armature_mixamorig_RightHandPinky4 {
                            FrameTransformMatrix {
                               1.000000,-0.000000, 0.000000, 0.000000,
                               0.000000, 1.000000, 0.000000, 0.000000,
                               0.000000,-0.000000, 1.000000, 0.000000,
                              -0.000004, 2.037295,-0.000006, 1.000000;;
                            }
                          } // End of Armature_mixamorig_RightHandPinky4
                        } // End of Armature_mixamorig_RightHandPinky3
                      } // End of Armature_mixamorig_RightHandPinky2
                    } // End of Armature_mixamorig_RightHandPinky1
                    Frame Armature_mixamorig_RightHandRing1 {
                      FrameTransformMatrix {
                         0.996658, 0.080283, 0.015083, 0.000000,
                        -0.029915, 0.186897, 0.981924, 0.000000,
                         0.076012,-0.979094, 0.188674, 0.000000,
                        -2.241704, 9.308409,-0.142992, 1.000000;;
                      }
                      Frame Armature_mixamorig_RightHandRing2 {
                        FrameTransformMatrix {
                           0.999713,-0.020224,-0.012822, 0.000000,
                           0.018107, 0.288066, 0.957439, 0.000000,
                          -0.015670,-0.957397, 0.288350, 0.000000,
                           0.000008, 4.019390, 0.000008, 1.000000;;
                        }
                        Frame Armature_mixamorig_RightHandRing3 {
                          FrameTransformMatrix {
                             0.999785, 0.020713,-0.001214, 0.000000,
                            -0.015298, 0.775388, 0.631300, 0.000000,
                             0.014017,-0.631145, 0.775538, 0.000000,
                             0.000004, 2.790808, 0.000000, 1.000000;;
                          }
                          Frame Armature_mixamorig_RightHandRing4 {
                            FrameTransformMatrix {
                               1.000000,-0.000000, 0.000000, 0.000000,
                               0.000000, 1.000000, 0.000000, 0.000000,
                               0.000000,-0.000000, 1.000000, 0.000000,
                               0.000002, 2.540694, 0.000002, 1.000000;;
                            }
                          } // End of Armature_mixamorig_RightHandRing4
                        } // End of Armature_mixamorig_RightHandRing3
                      } // End of Armature_mixamorig_RightHandRing2
                    } // End of Armature_mixamorig_RightHandRing1
                    Frame Armature_mixamorig_RightHandThumb1 {
                      FrameTransformMatrix {
                         0.976735,-0.103502, 0.187820, 0.000000,
                        -0.095349, 0.574893, 0.812654, 0.000000,
                        -0.192088,-0.811656, 0.551650, 0.000000,
                         2.370400, 3.545598, 1.909004, 1.000000;;
                      }
                      Frame Armature_mixamorig_RightHandThumb2 {
                        FrameTransformMatrix {
                           0.951150, 0.004182, 0.308702, 0.000000,
                           0.056201, 0.980856,-0.186446, 0.000000,
                          -0.303572, 0.194688, 0.932706, 0.000000,
                          -0.000002, 2.808001, 0.000004, 1.000000;;
                        }
                        Frame Armature_mixamorig_RightHandThumb3 {
                          FrameTransformMatrix {
                             0.927103, 0.226657,-0.298509, 0.000000,
                            -0.296321, 0.930930,-0.213454, 0.000000,
                             0.229510, 0.286348, 0.930231, 0.000000,
                            -0.000002, 2.379003,-0.000004, 1.000000;;
                          }
                          Frame Armature_mixamorig_RightHandThumb4 {
                            FrameTransformMatrix {
                               1.000000, 0.000000, 0.000000, 0.000000,
                              -0.000000, 1.000000,-0.000000, 0.000000,
                              -0.000000, 0.000000, 1.000000, 0.000000,
                               0.000009, 2.445305,-0.000006, 1.000000;;
                            }
                          } // End of Armature_mixamorig_RightHandThumb4
                        } // End of Armature_mixamorig_RightHandThumb3
                      } // End of Armature_mixamorig_RightHandThumb2
                    } // End of Armature_mixamorig_RightHandThumb1
                  } // End of Armature_mixamorig_RightHand
                } // End of Armature_mixamorig_RightForeArm
              } // End of Armature_mixamorig_RightArm
            } // End of Armature_mixamorig_RightShoulder
          } // End of Armature_mixamorig_Spine2
        } // End of Armature_mixamorig_Spine1
      } // End of Armature_mixamorig_Spine
    } // End of Armature_mixamorig_Hips
  } // End of Armature
} // End of Root
AnimationSet Global {
  Animation {
    {Armature}
    AnimationKey { // Rotation
      0;
      27;
      0;4;-0.707107, 0.707107, 0.000000, 0.000000;;,
      1;4;-0.707107, 0.707107, 0.000000, 0.000000;;,
      2;4;-0.707107, 0.707107, 0.000000, 0.000000;;,
      3;4;-0.707107, 0.707107, 0.000000, 0.000000;;,
      4;4;-0.707107, 0.707107, 0.000000, 0.000000;;,
      5;4;-0.707107, 0.707107, 0.000000, 0.000000;;,
      6;4;-0.707107, 0.707107, 0.000000, 0.000000;;,
      7;4;-0.707107, 0.707107, 0.000000, 0.000000;;,
      8;4;-0.707107, 0.707107, 0.000000, 0.000000;;,
      9;4;-0.707107, 0.707107, 0.000000, 0.000000;;,
      10;4;-0.707107, 0.707107, 0.000000, 0.000000;;,
      11;4;-0.707107, 0.707107, 0.000000, 0.000000;;,
      12;4;-0.707107, 0.707107, 0.000000, 0.000000;;,
      13;4;-0.707107, 0.707107, 0.000000, 0.000000;;,
      14;4;-0.707107, 0.707107, 0.000000, 0.000000;;,
      15;4;-0.707107, 0.707107, 0.000000, 0.000000;;,
      16;4;-0.707107, 0.707107, 0.000000, 0.000000;;,
      17;4;-0.707107, 0.707107, 0.000000, 0.000000;;,
      18;4;-0.707107, 0.707107, 0.000000, 0.000000;;,
      19;4;-0.707107, 0.707107, 0.000000, 0.000000;;,
      20;4;-0.707107, 0.707107, 0.000000, 0.000000;;,
      21;4;-0.707107, 0.707107, 0.000000, 0.000000;;,
      22;4;-0.707107, 0.707107, 0.000000, 0.000000;;,
      23;4;-0.707107, 0.707107, 0.000000, 0.000000;;,
      24;4;-0.707107, 0.707107, 0.000000, 0.000000;;,
      25;4;-0.707107, 0.707107, 0.000000, 0.000000;;,
      26;4;-0.707107, 0.707107, 0.000000, 0.000000;;;
    }
    AnimationKey { // Scale
      1;
      27;
      0;3; 0.100000, 0.100000, 0.100000;;,
      1;3; 0.100000, 0.100000, 0.100000;;,
      2;3; 0.100000, 0.100000, 0.100000;;,
      3;3; 0.100000, 0.100000, 0.100000;;,
      4;3; 0.100000, 0.100000, 0.100000;;,
      5;3; 0.100000, 0.100000, 0.100000;;,
      6;3; 0.100000, 0.100000, 0.100000;;,
      7;3; 0.100000, 0.100000, 0.100000;;,
      8;3; 0.100000, 0.100000, 0.100000;;,
      9;3; 0.100000, 0.100000, 0.100000;;,
      10;3; 0.100000, 0.100000, 0.100000;;,
      11;3; 0.100000, 0.100000, 0.100000;;,
      12;3; 0.100000, 0.100000, 0.100000;;,
      13;3; 0.100000, 0.100000, 0.100000;;,
      14;3; 0.100000, 0.100000, 0.100000;;,
      15;3; 0.100000, 0.100000, 0.100000;;,
      16;3; 0.100000, 0.100000, 0.100000;;,
      17;3; 0.100000, 0.100000, 0.100000;;,
      18;3; 0.100000, 0.100000, 0.100000;;,
      19;3; 0.100000, 0.100000, 0.100000;;,
      20;3; 0.100000, 0.100000, 0.100000;;,
      21;3; 0.100000, 0.100000, 0.100000;;,
      22;3; 0.100000, 0.100000, 0.100000;;,
      23;3; 0.100000, 0.100000, 0.100000;;,
      24;3; 0.100000, 0.100000, 0.100000;;,
      25;3; 0.100000, 0.100000, 0.100000;;,
      26;3; 0.100000, 0.100000, 0.100000;;;
    }
    AnimationKey { // Position
      2;
      27;
      0;3; 0.000000, 0.000000, 0.000000;;,
      1;3; 0.000000, 0.000000, 0.000000;;,
      2;3; 0.000000, 0.000000, 0.000000;;,
      3;3; 0.000000, 0.000000, 0.000000;;,
      4;3; 0.000000, 0.000000, 0.000000;;,
      5;3; 0.000000, 0.000000, 0.000000;;,
      6;3; 0.000000, 0.000000, 0.000000;;,
      7;3; 0.000000, 0.000000, 0.000000;;,
      8;3; 0.000000, 0.000000, 0.000000;;,
      9;3; 0.000000, 0.000000, 0.000000;;,
      10;3; 0.000000, 0.000000, 0.000000;;,
      11;3; 0.000000, 0.000000, 0.000000;;,
      12;3; 0.000000, 0.000000, 0.000000;;,
      13;3; 0.000000, 0.000000, 0.000000;;,
      14;3; 0.000000, 0.000000, 0.000000;;,
      15;3; 0.000000, 0.000000, 0.000000;;,
      16;3; 0.000000, 0.000000, 0.000000;;,
      17;3; 0.000000, 0.000000, 0.000000;;,
      18;3; 0.000000, 0.000000, 0.000000;;,
      19;3; 0.000000, 0.000000, 0.000000;;,
      20;3; 0.000000, 0.000000, 0.000000;;,
      21;3; 0.000000, 0.000000, 0.000000;;,
      22;3; 0.000000, 0.000000, 0.000000;;,
      23;3; 0.000000, 0.000000, 0.000000;;,
      24;3; 0.000000, 0.000000, 0.000000;;,
      25;3; 0.000000, 0.000000, 0.000000;;,
      26;3; 0.000000, 0.000000, 0.000000;;;
    }
  }
  Animation {
    {Armature_mixamorig_Hips}
    AnimationKey { // Rotation
      0;
      27;
      0;4;-0.997960,-0.045694,-0.029063, 0.033824;;,
      1;4;-0.997921,-0.043212,-0.034698, 0.032896;;,
      2;4;-0.997954,-0.036914,-0.041937, 0.031086;;,
      3;4;-0.998023,-0.025350,-0.049131, 0.029898;;,
      4;4;-0.997905,-0.012763,-0.056908, 0.028010;;,
      5;4;-0.997430,-0.007881,-0.066444, 0.025631;;,
      6;4;-0.996889, 0.000072,-0.074729, 0.025071;;,
      7;4;-0.996160, 0.011120,-0.082873, 0.025940;;,
      8;4;-0.995503, 0.019478,-0.088941, 0.026137;;,
      9;4;-0.994938, 0.025175,-0.093239, 0.027751;;,
      10;4;-0.994399, 0.030039,-0.096825, 0.029900;;,
      11;4;-0.993872, 0.034232,-0.099936, 0.032546;;,
      12;4;-0.993329, 0.037950,-0.102913, 0.035585;;,
      13;4;-0.992734, 0.041374,-0.106051, 0.038984;;,
      14;4;-0.992111, 0.043390,-0.109384, 0.043227;;,
      15;4;-0.991236, 0.042510,-0.114976, 0.049235;;,
      16;4;-0.990306, 0.040762,-0.121026, 0.054634;;,
      17;4;-0.989637, 0.039637,-0.126283, 0.055673;;,
      18;4;-0.988617, 0.040535,-0.135424, 0.051506;;,
      19;4;-0.987899, 0.051147,-0.137618, 0.050017;;,
      20;4;-0.987940, 0.066075,-0.130640, 0.050416;;,
      21;4;-0.987961, 0.083200,-0.119877, 0.051392;;,
      22;4;-0.987215, 0.102757,-0.110382, 0.051606;;,
      23;4;-0.984944, 0.128354,-0.104227, 0.050463;;,
      24;4;-0.982168, 0.151775,-0.099903, 0.048272;;,
      25;4;-0.980842, 0.162410,-0.097800, 0.044803;;,
      26;4;-0.980002, 0.169105,-0.096612, 0.040819;;;
    }
    AnimationKey { // Scale
      1;
      27;
      0;3; 1.000000, 1.000000, 1.000000;;,
      1;3; 1.000000, 1.000000, 1.000000;;,
      2;3; 1.000000, 1.000000, 1.000000;;,
      3;3; 1.000000, 1.000000, 1.000000;;,
      4;3; 1.000000, 1.000000, 1.000000;;,
      5;3; 1.000000, 1.000000, 1.000000;;,
      6;3; 1.000000, 1.000000, 1.000000;;,
      7;3; 1.000000, 1.000000, 1.000000;;,
      8;3; 1.000000, 1.000000, 1.000000;;,
      9;3; 1.000000, 1.000000, 1.000000;;,
      10;3; 1.000000, 1.000000, 1.000000;;,
      11;3; 1.000000, 1.000000, 1.000000;;,
      12;3; 1.000000, 1.000000, 1.000000;;,
      13;3; 1.000000, 1.000000, 1.000000;;,
      14;3; 1.000000, 1.000000, 1.000000;;,
      15;3; 1.000000, 1.000000, 1.000000;;,
      16;3; 1.000000, 1.000000, 1.000000;;,
      17;3; 1.000000, 1.000000, 1.000000;;,
      18;3; 1.000000, 1.000000, 1.000000;;,
      19;3; 1.000000, 1.000000, 1.000000;;,
      20;3; 1.000000, 1.000000, 1.000000;;,
      21;3; 1.000000, 1.000000, 1.000000;;,
      22;3; 1.000000, 1.000000, 1.000000;;,
      23;3; 1.000000, 1.000000, 1.000000;;,
      24;3; 1.000000, 1.000000, 1.000000;;,
      25;3; 1.000000, 1.000000, 1.000000;;,
      26;3; 1.000000, 1.000000, 1.000000;;;
    }
    AnimationKey { // Position
      2;
      27;
      0;3; 0.000591,85.598228, 0.037722;;,
      1;3; 0.000591,85.598228, 0.037722;;,
      2;3; 0.000591,85.598228, 0.037722;;,
      3;3; 0.000591,85.598228, 0.037722;;,
      4;3; 0.000591,85.598228, 0.037722;;,
      5;3; 0.000591,85.598228, 0.037722;;,
      6;3; 0.000591,85.598228, 0.037722;;,
      7;3; 0.000591,85.598228, 0.037722;;,
      8;3; 0.000591,85.598228, 0.037722;;,
      9;3; 0.000591,85.598228, 0.037722;;,
      10;3; 0.000591,85.598228, 0.037722;;,
      11;3; 0.000591,85.598228, 0.037722;;,
      12;3; 0.000591,85.598228, 0.037722;;,
      13;3; 0.000591,85.598228, 0.037722;;,
      14;3; 0.000591,85.598228, 0.037722;;,
      15;3; 0.000591,85.598228, 0.037722;;,
      16;3; 0.000591,85.598228, 0.037722;;,
      17;3; 0.000591,85.598228, 0.037722;;,
      18;3; 0.000591,85.598228, 0.037722;;,
      19;3; 0.000591,85.598228, 0.037722;;,
      20;3; 0.000591,85.598228, 0.037722;;,
      21;3; 0.000591,85.598228, 0.037722;;,
      22;3; 0.000591,85.598228, 0.037722;;,
      23;3; 0.000591,85.598228, 0.037722;;,
      24;3; 0.000591,85.598228, 0.037722;;,
      25;3; 0.000591,85.598228, 0.037722;;,
      26;3; 0.000591,85.598228, 0.037722;;;
    }
  }
  Animation {
    {Armature_mixamorig_Spine}
    AnimationKey { // Rotation
      0;
      27;
      0;4;-0.931794, 0.352644,-0.081267, 0.028255;;,
      1;4;-0.934016, 0.347893,-0.077699, 0.023399;;,
      2;4;-0.936680, 0.341745,-0.074305, 0.017898;;,
      3;4;-0.940620, 0.331544,-0.071853, 0.012230;;,
      4;4;-0.945248, 0.318321,-0.071592, 0.007177;;,
      5;4;-0.947602, 0.312139,-0.067965,-0.000949;;,
      6;4;-0.952139, 0.299078,-0.062709,-0.007168;;,
      7;4;-0.958350, 0.279671,-0.056532,-0.012429;;,
      8;4;-0.962779, 0.264496,-0.052942,-0.017177;;,
      9;4;-0.967886, 0.245291,-0.051017,-0.020641;;,
      10;4;-0.972961, 0.224315,-0.049797,-0.023469;;,
      11;4;-0.977151, 0.205255,-0.048300,-0.026715;;,
      12;4;-0.980644, 0.187846,-0.045568,-0.031215;;,
      13;4;-0.982921, 0.175443,-0.041379,-0.037065;;,
      14;4;-0.984399, 0.166397,-0.036600,-0.043936;;,
      15;4;-0.984835, 0.162365,-0.031412,-0.052454;;,
      16;4;-0.984736, 0.159421,-0.025275,-0.065123;;,
      17;4;-0.984764, 0.157252,-0.020289,-0.071421;;,
      18;4;-0.984629, 0.157230,-0.012207,-0.075074;;,
      19;4;-0.984328, 0.158944,-0.002635,-0.076345;;,
      20;4;-0.983776, 0.163589, 0.008219,-0.073191;;,
      21;4;-0.983077, 0.169044, 0.019201,-0.067927;;,
      22;4;-0.982235, 0.174796, 0.029767,-0.061440;;,
      23;4;-0.981270, 0.180653, 0.040773,-0.053027;;,
