xof 0303txt 0032

template XSkinMeshHeader {
  <3cf169ce-ff7c-44ab-93c0-f78f62d172e2>
  WORD nMaxSkinWeightsPerVertex;
  WORD nMaxSkinWeightsPerFace;
  WORD nBones;
}

template SkinWeights {
  <6f0d123b-bad2-4167-a0d0-80224f25fabb>
  STRING transformNodeName;
  DWORD nWeights;
  array DWORD vertexIndices[nWeights];
  array float weights[nWeights];
  Matrix4x4 matrixOffset;
}

Frame Root {
  FrameTransformMatrix {
     1.000000, 0.000000, 0.000000, 0.000000,
     0.000000,-0.000000,-1.000000, 0.000000,
     0.000000, 1.000000,-0.000000, 0.000000,
     0.000000, 0.000000, 0.000000, 1.000000;;
  }
  Frame Armature {
    FrameTransformMatrix {
       0.100000, 0.000000, 0.000000, 0.000000,
       0.000000,-0.000000, 0.100000, 0.000000,
       0.000000,-0.100000,-0.000000, 0.000000,
       0.000000, 0.000000, 0.000000, 1.000000;;
    }
    Frame Armature_mixamorig_Hips {
      FrameTransformMatrix {
         0.983454, 0.169742, 0.063289, 0.000000,
        -0.168473, 0.985391,-0.024905, 0.000000,
        -0.066592, 0.013831, 0.997684, 0.000000,
         0.000591,85.598228, 0.037722, 1.000000;;
      }
      Frame Armature_mixamorig_LeftUpLeg {
        FrameTransformMatrix {
          -0.947674, 0.295923, 0.119758, 0.000000,
           0.204933, 0.276260, 0.938922, 0.000000,
           0.244779, 0.914391,-0.322432, 0.000000,
           9.789098,-5.875896,-0.583700, 1.000000;;
        }
        Frame Armature_mixamorig_LeftLeg {
          FrameTransformMatrix {
             0.979562,-0.184230, 0.080738, 0.000000,
            -0.013692,-0.461533,-0.887017, 0.000000,
             0.200678, 0.867782,-0.454623, 0.000000,
            -0.000002,41.701996, 0.000005, 1.000000;;
          }
          Frame Armature_mixamorig_LeftFoot {
            FrameTransformMatrix {
               0.997948,-0.030239,-0.056432, 0.000000,
               0.048401, 0.933298, 0.355825, 0.000000,
               0.041908,-0.357826, 0.932847, 0.000000,
              -0.000001,36.981026,-0.000002, 1.000000;;
            }
            Frame Armature_mixamorig_LeftToeBase {
              FrameTransformMatrix {
                 0.984495, 0.032820,-0.172314, 0.000000,
                 0.051846, 0.884006, 0.464591, 0.000000,
                 0.167575,-0.466322, 0.868598, 0.000000,
                 0.000000,16.700537, 0.000002, 1.000000;;
              }
              Frame Armature_mixamorig_LeftToe_End {
                FrameTransformMatrix {
                   1.000000,-0.000000, 0.000000, 0.000000,
                   0.000000, 1.000000, 0.000000, 0.000000,
                   0.000000,-0.000000, 1.000000, 0.000000,
                   0.000000, 7.120424, 0.000005, 1.000000;;
                }
              } // End of Armature_mixamorig_LeftToe_End
            } // End of Armature_mixamorig_LeftToeBase
          } // End of Armature_mixamorig_LeftFoot
        } // End of Armature_mixamorig_LeftLeg
      } // End of Armature_mixamorig_LeftUpLeg
      Frame Armature_mixamorig_RightUpLeg {
        FrameTransformMatrix {
          -0.836600, 0.002325,-0.547777, 0.000000,
          -0.518813,-0.324422, 0.790892, 0.000000,
          -0.175882, 0.945910, 0.272599, 0.000000,
          -9.857702,-5.875899,-0.583700, 1.000000;;
        }
        Frame Armature_mixamorig_RightLeg {
          FrameTransformMatrix {
             0.957763, 0.263508,-0.115123, 0.000000,
             0.102147,-0.686000,-0.720396, 0.000000,
            -0.268804, 0.678209,-0.683942, 0.000000,
            -0.000002,41.702000, 0.000008, 1.000000;;
          }
          Frame Armature_mixamorig_RightFoot {
            FrameTransformMatrix {
               0.995949, 0.064212, 0.062947, 0.000000,
              -0.089769, 0.750488, 0.654759, 0.000000,
              -0.005197,-0.657757, 0.753212, 0.000000,
               0.000000,36.981026,-0.000005, 1.000000;;
            }
            Frame Armature_mixamorig_RightToeBase {
              FrameTransformMatrix {
                 0.998689,-0.042086,-0.029141, 0.000000,
                 0.051187, 0.814242, 0.578264, 0.000000,
                -0.000609,-0.578998, 0.815329, 0.000000,
                -0.000001,16.700533, 0.000001, 1.000000;;
              }
              Frame Armature_mixamorig_RightToe_End {
                FrameTransformMatrix {
                   1.000000, 0.000000, 0.000000, 0.000000,
                  -0.000000, 1.000000, 0.000000, 0.000000,
                  -0.000000,-0.000000, 1.000000, 0.000000,
                   0.000000, 7.120424, 0.000000, 1.000000;;
                }
              } // End of Armature_mixamorig_RightToe_End
            } // End of Armature_mixamorig_RightToeBase
          } // End of Armature_mixamorig_RightFoot
        } // End of Armature_mixamorig_RightLeg
      } // End of Armature_mixamorig_RightUpLeg
      Frame Armature_mixamorig_Spine {
        FrameTransformMatrix {
           0.995424,-0.095523, 0.002560, 0.000000,
           0.082830, 0.875886, 0.475356, 0.000000,
          -0.047649,-0.472969, 0.879790, 0.000000,
           0.017297,10.574798,-1.117200, 1.000000;;
        }
        Frame Armature_mixamorig_Spine1 {
          FrameTransformMatrix {
             0.999791,-0.020449, 0.000168, 0.000000,
             0.020418, 0.998679, 0.047145, 0.000000,
            -0.001132,-0.047132, 0.998888, 0.000000,
             0.000001,12.405995,-0.000004, 1.000000;;
          }
          Frame Armature_mixamorig_Spine2 {
            FrameTransformMatrix {
               0.999779,-0.020822,-0.002924, 0.000000,
               0.021023, 0.987752, 0.154607, 0.000000,
              -0.000331,-0.154634, 0.987972, 0.000000,
              -0.000001,14.178298, 0.000003, 1.000000;;
            }
            Frame Armature_mixamorig_LeftShoulder {
              FrameTransformMatrix {
                 0.356425, 0.087369,-0.930230, 0.000000,
                 0.930969, 0.051090, 0.361507, 0.000000,
                 0.079111,-0.994865,-0.063128, 0.000000,
                 5.935001,13.670205,-1.662597, 1.000000;;
              }
              Frame Armature_mixamorig_LeftArm {
                FrameTransformMatrix {
                   0.665681,-0.043721, 0.744955, 0.000000,
                   0.060299, 0.998169, 0.004699, 0.000000,
                  -0.743796, 0.041792, 0.667099, 0.000000,
                  -0.000005,12.607895,-0.000006, 1.000000;;
                }
                Frame Armature_mixamorig_LeftForeArm {
                  FrameTransformMatrix {
                     0.218629, 0.878890, 0.423973, 0.000000,
                    -0.975352, 0.210096, 0.067431, 0.000000,
                    -0.029811,-0.428266, 0.903161, 0.000000,
                     0.000000,25.574310, 0.000004, 1.000000;;
                  }
                  Frame Armature_mixamorig_LeftHand {
                    FrameTransformMatrix {
                       0.951579, 0.300342, 0.065510, 0.000000,
                      -0.306960, 0.939823, 0.150026, 0.000000,
                      -0.016509,-0.162870, 0.986509, 0.000000,
                      -0.000003,21.603403,-0.000002, 1.000000;;
                    }
                    Frame Armature_mixamorig_LeftHandIndex1 {
                      FrameTransformMatrix {
                         0.991294, 0.108587, 0.074466, 0.000000,
                        -0.131308, 0.773572, 0.619955, 0.000000,
                         0.009714,-0.624336, 0.781096, 0.000000,
                        -2.341900, 9.909703,-0.291386, 1.000000;;
                      }
                      Frame Armature_mixamorig_LeftHandIndex2 {
                        FrameTransformMatrix {
                           0.997040, 0.076882, 0.000021, 0.000000,
                          -0.057006, 0.739094, 0.671186, 0.000000,
                           0.051586,-0.669201, 0.741289, 0.000000,
                          -0.000008, 3.776703,-0.000002, 1.000000;;
                        }
                        Frame Armature_mixamorig_LeftHandIndex3 {
                          FrameTransformMatrix {
                             0.999424,-0.033708,-0.003977, 0.000000,
                             0.033940, 0.993390, 0.109653, 0.000000,
                             0.000255,-0.109724, 0.993962, 0.000000,
                             0.000000, 2.543001,-0.000012, 1.000000;;
                          }
                          Frame Armature_mixamorig_LeftHandIndex4 {
                            FrameTransformMatrix {
                               1.000000, 0.000000, 0.000000, 0.000000,
                              -0.000000, 1.000000,-0.000000, 0.000000,
                              -0.000000, 0.000000, 1.000000, 0.000000,
                               0.000011, 2.529101,-0.000002, 1.000000;;
                            }
                          } // End of Armature_mixamorig_LeftHandIndex4
                        } // End of Armature_mixamorig_LeftHandIndex3
                      } // End of Armature_mixamorig_LeftHandIndex2
                    } // End of Armature_mixamorig_LeftHandIndex1
                    Frame Armature_mixamorig_LeftHandMiddle1 {
                      FrameTransformMatrix {
                         0.999250, 0.037015, 0.011413, 0.000000,
                        -0.035965, 0.777209, 0.628214, 0.000000,
                         0.014383,-0.628153, 0.777957, 0.000000,
                        -0.000002, 9.700804, 0.000005, 1.000000;;
                      }
                      Frame Armature_mixamorig_LeftHandMiddle2 {
                        FrameTransformMatrix {
                           0.996352, 0.085335, 0.000865, 0.000000,
                          -0.054615, 0.629817, 0.774821, 0.000000,
                           0.065575,-0.772041, 0.632180, 0.000000,
                           0.000000, 4.014608,-0.000016, 1.000000;;
                        }
                        Frame Armature_mixamorig_LeftHandMiddle3 {
                          FrameTransformMatrix {
                             0.999596,-0.026681,-0.009832, 0.000000,
                             0.028422, 0.947885, 0.317343, 0.000000,
                             0.000852,-0.317494, 0.948260, 0.000000,
                            -0.000008, 2.996702, 0.000000, 1.000000;;
                          }
                          Frame Armature_mixamorig_LeftHandMiddle4 {
                            FrameTransformMatrix {
                               1.000000,-0.000000, 0.000000, 0.000000,
                              -0.000000, 1.000000,-0.000000, 0.000000,
                              -0.000000, 0.000000, 1.000000, 0.000000,
                               0.000004, 2.824986, 0.000002, 1.000000;;
                            }
                          } // End of Armature_mixamorig_LeftHandMiddle4
                        } // End of Armature_mixamorig_LeftHandMiddle3
                      } // End of Armature_mixamorig_LeftHandMiddle2
                    } // End of Armature_mixamorig_LeftHandMiddle1
                    Frame Armature_mixamorig_LeftHandPinky1 {
                      FrameTransformMatrix {
                         0.990339, 0.093299, 0.102587, 0.000000,
                        -0.138101, 0.596753, 0.790452, 0.000000,
                         0.012530,-0.796982, 0.603873, 0.000000,
                         4.712702, 8.985510,-0.221599, 1.000000;;
                      }
                      Frame Armature_mixamorig_LeftHandPinky2 {
                        FrameTransformMatrix {
                           0.999999, 0.001412, 0.000977, 0.000000,
                          -0.001341, 0.286580, 0.958055, 0.000000,
                           0.001073,-0.958055, 0.286582, 0.000000,
                          -0.000004, 3.562492, 0.000006, 1.000000;;
                        }
                        Frame Armature_mixamorig_LeftHandPinky3 {
                          FrameTransformMatrix {
                             1.000000, 0.000694, 0.000182, 0.000000,
                            -0.000693, 0.870704, 0.491807, 0.000000,
                             0.000183,-0.491807, 0.870704, 0.000000,
                             0.000002, 2.335205,-0.000006, 1.000000;;
                          }
                          Frame Armature_mixamorig_LeftHandPinky4 {
                            FrameTransformMatrix {
                               1.000000, 0.000000,-0.000000, 0.000000,
                              -0.000000, 1.000000,-0.000000, 0.000000,
                               0.000000,-0.000000, 1.000000, 0.000000,
                               0.000000, 2.037297, 0.000005, 1.000000;;
                            }
                          } // End of Armature_mixamorig_LeftHandPinky4
                        } // End of Armature_mixamorig_LeftHandPinky3
                      } // End of Armature_mixamorig_LeftHandPinky2
                    } // End of Armature_mixamorig_LeftHandPinky1
                    Frame Armature_mixamorig_LeftHandRing1 {
                      FrameTransformMatrix {
                         0.999939,-0.003801, 0.010381, 0.000000,
                        -0.007470, 0.459970, 0.887903, 0.000000,
                        -0.008150,-0.887926, 0.459914, 0.000000,
                         2.241693, 9.308407,-0.143493, 1.000000;;
                      }
                      Frame Armature_mixamorig_LeftHandRing2 {
                        FrameTransformMatrix {
                           0.999744, 0.016952, 0.015008, 0.000000,
                          -0.022610, 0.712828, 0.700975, 0.000000,
                           0.001185,-0.701134, 0.713028, 0.000000,
                           0.000000, 4.019393,-0.000000, 1.000000;;
                        }
                        Frame Armature_mixamorig_LeftHandRing3 {
                          FrameTransformMatrix {
                             0.999773,-0.021263, 0.000938, 0.000000,
                             0.020219, 0.962567, 0.270288, 0.000000,
                            -0.006650,-0.270208, 0.962779, 0.000000,
                            -0.000004, 2.790806, 0.000004, 1.000000;;
                          }
                          Frame Armature_mixamorig_LeftHandRing4 {
                            FrameTransformMatrix {
                               1.000000, 0.000000, 0.000000, 0.000000,
                              -0.000000, 1.000000, 0.000000, 0.000000,
                              -0.000000, 0.000000, 1.000000, 0.000000,
                              -0.000006, 2.540689, 0.000000, 1.000000;;
                            }
                          } // End of Armature_mixamorig_LeftHandRing4
                        } // End of Armature_mixamorig_LeftHandRing3
                      } // End of Armature_mixamorig_LeftHandRing2
                    } // End of Armature_mixamorig_LeftHandRing1
                    Frame Armature_mixamorig_LeftHandThumb1 {
                      FrameTransformMatrix {
                         0.865766, 0.491568,-0.093858, 0.000000,
                        -0.457348, 0.853307, 0.250400, 0.000000,
                         0.203179,-0.173862, 0.963582, 0.000000,
                        -2.370403, 3.545603, 1.908199, 1.000000;;
                      }
                      Frame Armature_mixamorig_LeftHandThumb2 {
                        FrameTransformMatrix {
                           0.954992,-0.274752,-0.111807, 0.000000,
                           0.291755, 0.938075, 0.186800, 0.000000,
                           0.053560,-0.211013, 0.976015, 0.000000,
                           0.000000, 2.808400, 0.000016, 1.000000;;
                        }
                        Frame Armature_mixamorig_LeftHandThumb3 {
                          FrameTransformMatrix {
                             0.618158, 0.106484,-0.778808, 0.000000,
                             0.121190, 0.966025, 0.228273, 0.000000,
                             0.776655,-0.235493, 0.584252, 0.000000,
                            -0.000008, 2.378999,-0.000018, 1.000000;;
                          }
                          Frame Armature_mixamorig_LeftHandThumb4 {
                            FrameTransformMatrix {
                               1.000000, 0.000000, 0.000000, 0.000000,
                              -0.000000, 1.000000,-0.000000, 0.000000,
                              -0.000000, 0.000000, 1.000000, 0.000000,
                              -0.000003, 2.445006, 0.000005, 1.000000;;
                            }
                          } // End of Armature_mixamorig_LeftHandThumb4
                        } // End of Armature_mixamorig_LeftHandThumb3
                      } // End of Armature_mixamorig_LeftHandThumb2
                    } // End of Armature_mixamorig_LeftHandThumb1
                  } // End of Armature_mixamorig_LeftHand
                } // End of Armature_mixamorig_LeftForeArm
              } // End of Armature_mixamorig_LeftArm
            } // End of Armature_mixamorig_LeftShoulder
            Frame Armature_mixamorig_Neck {
              FrameTransformMatrix {
                 0.995819,-0.091333, 0.001776, 0.000000,
                 0.089323, 0.977612, 0.190514, 0.000000,
                -0.019137,-0.189559, 0.981683, 0.000000,
                 0.024400,15.862301,-1.675797, 1.000000;;
              }
              Frame Armature_mixamorig_Head {
                FrameTransformMatrix {
                   0.990146,-0.122488, 0.067877, 0.000000,
                   0.138371, 0.930315,-0.339659, 0.000000,
                  -0.021543, 0.345704, 0.938096, 0.000000,
                  -0.000000, 5.563992, 0.988100, 1.000000;;
                }
                Frame Armature_mixamorig_HeadTop_End {
                  FrameTransformMatrix {
                     1.000000,-0.000000, 0.000000, 0.000000,
                    -0.000000, 1.000000,-0.000000, 0.000000,
                    -0.000000, 0.000000, 1.000000, 0.000000,
                    -0.000004,18.311901, 3.086898, 1.000000;;
                  }
                } // End of Armature_mixamorig_HeadTop_End
                Frame Armature_mixamorig_LeftEye {
                  FrameTransformMatrix {
                    -0.000000, 0.000000,-1.000000, 0.000000,
                     1.000000,-0.000000,-0.000000, 0.000000,
                    -0.000000,-1.000000, 0.000000, 0.000000,
                     2.284395, 7.935712, 7.063693, 1.000000;;
                  }
                } // End of Armature_mixamorig_LeftEye
                Frame Armature_mixamorig_RightEye {
                  FrameTransformMatrix {
                     0.000000, 0.000000, 1.000000, 0.000000,
                    -1.000000, 0.000000,-0.000000, 0.000000,
                    -0.000000,-1.000000, 0.000000, 0.000000,
                    -2.377504, 7.935706, 7.063697, 1.000000;;
                  }
                } // End of Armature_mixamorig_RightEye
              } // End of Armature_mixamorig_Head
            } // End of Armature_mixamorig_Neck
            Frame Armature_mixamorig_RightShoulder {
              FrameTransformMatrix {
                 0.308257,-0.066521, 0.948974, 0.000000,
                -0.943480, 0.106290, 0.313923, 0.000000,
                -0.121749,-0.992107,-0.029997, 0.000000,
                -5.935001,13.670602,-1.662598, 1.000000;;
              }
              Frame Armature_mixamorig_RightArm {
                FrameTransformMatrix {
                   0.977322,-0.094923,-0.189291, 0.000000,
                   0.114067, 0.989118, 0.092925, 0.000000,
                   0.178410,-0.112410, 0.977514, 0.000000,
                   0.000000,12.607897, 0.000008, 1.000000;;
                }
                Frame Armature_mixamorig_RightForeArm {
                  FrameTransformMatrix {
                     0.682360,-0.592288,-0.428462, 0.000000,
                     0.702994, 0.692397, 0.162434, 0.000000,
                     0.200458,-0.412045, 0.888839, 0.000000,
                    -0.000002,25.574306,-0.000003, 1.000000;;
                  }
                  Frame Armature_mixamorig_RightHand {
                    FrameTransformMatrix {
                       0.972223,-0.234055,-0.000255, 0.000000,
                       0.233404, 0.969437, 0.075588, 0.000000,
                      -0.017445,-0.073547, 0.997139, 0.000000,
                      -0.000001,21.603399,-0.000006, 1.000000;;
                    }
                    Frame Armature_mixamorig_RightHandIndex1 {
                      FrameTransformMatrix {
                         0.998628, 0.052352,-0.001276, 0.000000,
                        -0.023919, 0.477655, 0.878222, 0.000000,
                         0.046586,-0.876986, 0.478251, 0.000000,
                         2.341901, 9.909706,-0.290991, 1.000000;;
                      }
                      Frame Armature_mixamorig_RightHandIndex2 {
                        FrameTransformMatrix {
                           0.997036,-0.076931,-0.000082, 0.000000,
                           0.030618, 0.395833, 0.917812, 0.000000,
                          -0.070576,-0.915094, 0.397015, 0.000000,
                          -0.000004, 3.776780,-0.000004, 1.000000;;
                        }
                        Frame Armature_mixamorig_RightHandIndex3 {
                          FrameTransformMatrix {
                             0.999418, 0.007211, 0.033330, 0.000000,
                            -0.032368, 0.508175, 0.860645, 0.000000,
                            -0.010731,-0.861223, 0.508113, 0.000000,
                             0.000000, 2.543001, 0.000003, 1.000000;;
                          }
                          Frame Armature_mixamorig_RightHandIndex4 {
                            FrameTransformMatrix {
                               1.000000, 0.000000, 0.000000, 0.000000,
                              -0.000000, 1.000000,-0.000000, 0.000000,
                              -0.000000, 0.000000, 1.000000, 0.000000,
                              -0.000006, 2.529005, 0.000002, 1.000000;;
                            }
                          } // End of Armature_mixamorig_RightHandIndex4
                        } // End of Armature_mixamorig_RightHandIndex3
                      } // End of Armature_mixamorig_RightHandIndex2
                    } // End of Armature_mixamorig_RightHandIndex1
                    Frame Armature_mixamorig_RightHandMiddle1 {
                      FrameTransformMatrix {
                         0.999766, 0.001958,-0.021526, 0.000000,
                         0.019272, 0.370172, 0.928763, 0.000000,
                         0.009787,-0.928961, 0.370048, 0.000000,
                        -0.000003, 9.700707, 0.000004, 1.000000;;
                      }
                      Frame Armature_mixamorig_RightHandMiddle2 {
                        FrameTransformMatrix {
                           0.996317,-0.085725,-0.001660, 0.000000,
                           0.009873, 0.095465, 0.995384, 0.000000,
                          -0.085171,-0.991735, 0.095960, 0.000000,
                          -0.000002, 4.014693,-0.000008, 1.000000;;
                        }
                        Frame Armature_mixamorig_RightHandMiddle3 {
                          FrameTransformMatrix {
                             0.999608, 0.023207, 0.015694, 0.000000,
                            -0.028007, 0.841138, 0.540095, 0.000000,
                            -0.000666,-0.540322, 0.841458, 0.000000,
                             0.000004, 2.996714,-0.000004, 1.000000;;
                          }
                          Frame Armature_mixamorig_RightHandMiddle4 {
                            FrameTransformMatrix {
                               1.000000, 0.000000,-0.000000, 0.000000,
                              -0.000000, 1.000000,-0.000000, 0.000000,
                              -0.000000, 0.000000, 1.000000, 0.000000,
                               0.000004, 2.825003,-0.000010, 1.000000;;
                            }
                          } // End of Armature_mixamorig_RightHandMiddle4
                        } // End of Armature_mixamorig_RightHandMiddle3
                      } // End of Armature_mixamorig_RightHandMiddle2
                    } // End of Armature_mixamorig_RightHandMiddle1
                    Frame Armature_mixamorig_RightHandPinky1 {
                      FrameTransformMatrix {
                         0.997586,-0.002065,-0.069406, 0.000000,
                         0.069412, 0.056400, 0.995993, 0.000000,
                         0.001858,-0.998406, 0.056407, 0.000000,
                        -4.712705, 8.985510,-0.221001, 1.000000;;
                      }
                      Frame Armature_mixamorig_RightHandPinky2 {
                        FrameTransformMatrix {
                           0.999999,-0.001187,-0.000612, 0.000000,
                           0.001188, 0.581894, 0.813264, 0.000000,
                          -0.000610,-0.813264, 0.581895, 0.000000,
                           0.000000, 3.562517, 0.000005, 1.000000;;
                        }
                        Frame Armature_mixamorig_RightHandPinky3 {
                          FrameTransformMatrix {
                             1.000000,-0.000637,-0.000146, 0.000000,
                             0.000637, 0.900092, 0.435699, 0.000000,
                            -0.000146,-0.435699, 0.900092, 0.000000,
                            -0.000006, 2.335203,-0.000002, 1.000000;;
                          }
                          Frame Armature_mixamorig_RightHandPinky4 {
                            FrameTransformMatrix {
                               1.000000,-0.000000, 0.000000, 0.000000,
                               0.000000, 1.000000, 0.000000, 0.000000,
                              -0.000000, 0.000000, 1.000000, 0.000000,
                              -0.000002, 2.037299,-0.000004, 1.000000;;
                            }
                          } // End of Armature_mixamorig_RightHandPinky4
                        } // End of Armature_mixamorig_RightHandPinky3
                      } // End of Armature_mixamorig_RightHandPinky2
                    } // End of Armature_mixamorig_RightHandPinky1
                    Frame Armature_mixamorig_RightHandRing1 {
                      FrameTransformMatrix {
                         0.996658, 0.080283, 0.015083, 0.000000,
                        -0.029915, 0.186897, 0.981924, 0.000000,
                         0.076012,-0.979094, 0.188674, 0.000000,
                        -2.241702, 9.308416,-0.142988, 1.000000;;
                      }
                      Frame Armature_mixamorig_RightHandRing2 {
                        FrameTransformMatrix {
                           0.999713,-0.020224,-0.012822, 0.000000,
                           0.018107, 0.288066, 0.957439, 0.000000,
                          -0.015670,-0.957397, 0.288350, 0.000000,
                          -0.000001, 4.019390, 0.000004, 1.000000;;
                        }
                        Frame Armature_mixamorig_RightHandRing3 {
                          FrameTransformMatrix {
                             0.999785, 0.020713,-0.001214, 0.000000,
                            -0.015298, 0.775388, 0.631300, 0.000000,
                             0.014017,-0.631145, 0.775538, 0.000000,
                            -0.000008, 2.790815, 0.000002, 1.000000;;
                          }
                          Frame Armature_mixamorig_RightHandRing4 {
                            FrameTransformMatrix {
                               1.000000, 0.000000,-0.000000, 0.000000,
                               0.000000, 1.000000, 0.000000, 0.000000,
                               0.000000,-0.000000, 1.000000, 0.000000,
                               0.000004, 2.540692, 0.000002, 1.000000;;
                            }
                          } // End of Armature_mixamorig_RightHandRing4
                        } // End of Armature_mixamorig_RightHandRing3
                      } // End of Armature_mixamorig_RightHandRing2
                    } // End of Armature_mixamorig_RightHandRing1
                    Frame Armature_mixamorig_RightHandThumb1 {
                      FrameTransformMatrix {
                         0.976735,-0.103502, 0.187820, 0.000000,
                        -0.095349, 0.574893, 0.812654, 0.000000,
                        -0.192088,-0.811656, 0.551650, 0.000000,
                         2.370399, 3.545612, 1.909016, 1.000000;;
                      }
                      Frame Armature_mixamorig_RightHandThumb2 {
                        FrameTransformMatrix {
                           0.951150, 0.004181, 0.308702, 0.000000,
                           0.056200, 0.980856,-0.186446, 0.000000,
                          -0.303572, 0.194688, 0.932706, 0.000000,
                           0.000001, 2.807996,-0.000005, 1.000000;;
                        }
                        Frame Armature_mixamorig_RightHandThumb3 {
                          FrameTransformMatrix {
                             0.927103, 0.226657,-0.298509, 0.000000,
                            -0.296321, 0.930930,-0.213454, 0.000000,
                             0.229510, 0.286348, 0.930231, 0.000000,
                             0.000006, 2.379022, 0.000001, 1.000000;;
                          }
                          Frame Armature_mixamorig_RightHandThumb4 {
                            FrameTransformMatrix {
                               1.000000, 0.000000,-0.000000, 0.000000,
                              -0.000000, 1.000000,-0.000000, 0.000000,
                              -0.000000, 0.000000, 1.000000, 0.000000,
                               0.000002, 2.445293, 0.000000, 1.000000;;
                            }
                          } // End of Armature_mixamorig_RightHandThumb4
                        } // End of Armature_mixamorig_RightHandThumb3
                      } // End of Armature_mixamorig_RightHandThumb2
                    } // End of Armature_mixamorig_RightHandThumb1
                  } // End of Armature_mixamorig_RightHand
                } // End of Armature_mixamorig_RightForeArm
              } // End of Armature_mixamorig_RightArm
            } // End of Armature_mixamorig_RightShoulder
          } // End of Armature_mixamorig_Spine2
        } // End of Armature_mixamorig_Spine1
      } // End of Armature_mixamorig_Spine
    } // End of Armature_mixamorig_Hips
  } // End of Armature
} // End of Root
AnimationSet Global {
  Animation {
    {Armature}
    AnimationKey { // Rotation
      0;
      25;
      0;4;-0.707107, 0.707107, 0.000000, 0.000000;;,
      1;4;-0.707107, 0.707107, 0.000000, 0.000000;;,
      2;4;-0.707107, 0.707107, 0.000000, 0.000000;;,
      3;4;-0.707107, 0.707107, 0.000000, 0.000000;;,
      4;4;-0.707107, 0.707107, 0.000000, 0.000000;;,
      5;4;-0.707107, 0.707107, 0.000000, 0.000000;;,
      6;4;-0.707107, 0.707107, 0.000000, 0.000000;;,
      7;4;-0.707107, 0.707107, 0.000000, 0.000000;;,
      8;4;-0.707107, 0.707107, 0.000000, 0.000000;;,
      9;4;-0.707107, 0.707107, 0.000000, 0.000000;;,
      10;4;-0.707107, 0.707107, 0.000000, 0.000000;;,
      11;4;-0.707107, 0.707107, 0.000000, 0.000000;;,
      12;4;-0.707107, 0.707107, 0.000000, 0.000000;;,
      13;4;-0.707107, 0.707107, 0.000000, 0.000000;;,
      14;4;-0.707107, 0.707107, 0.000000, 0.000000;;,
      15;4;-0.707107, 0.707107, 0.000000, 0.000000;;,
      16;4;-0.707107, 0.707107, 0.000000, 0.000000;;,
      17;4;-0.707107, 0.707107, 0.000000, 0.000000;;,
      18;4;-0.707107, 0.707107, 0.000000, 0.000000;;,
      19;4;-0.707107, 0.707107, 0.000000, 0.000000;;,
      20;4;-0.707107, 0.707107, 0.000000, 0.000000;;,
      21;4;-0.707107, 0.707107, 0.000000, 0.000000;;,
      22;4;-0.707107, 0.707107, 0.000000, 0.000000;;,
      23;4;-0.707107, 0.707107, 0.000000, 0.000000;;,
      24;4;-0.707107, 0.707107, 0.000000, 0.000000;;;
    }
    AnimationKey { // Scale
      1;
      25;
      0;3; 0.100000, 0.100000, 0.100000;;,
      1;3; 0.100000, 0.100000, 0.100000;;,
      2;3; 0.100000, 0.100000, 0.100000;;,
      3;3; 0.100000, 0.100000, 0.100000;;,
      4;3; 0.100000, 0.100000, 0.100000;;,
      5;3; 0.100000, 0.100000, 0.100000;;,
      6;3; 0.100000, 0.100000, 0.100000;;,
      7;3; 0.100000, 0.100000, 0.100000;;,
      8;3; 0.100000, 0.100000, 0.100000;;,
      9;3; 0.100000, 0.100000, 0.100000;;,
      10;3; 0.100000, 0.100000, 0.100000;;,
      11;3; 0.100000, 0.100000, 0.100000;;,
      12;3; 0.100000, 0.100000, 0.100000;;,
      13;3; 0.100000, 0.100000, 0.100000;;,
      14;3; 0.100000, 0.100000, 0.100000;;,
      15;3; 0.100000, 0.100000, 0.100000;;,
      16;3; 0.100000, 0.100000, 0.100000;;,
      17;3; 0.100000, 0.100000, 0.100000;;,
      18;3; 0.100000, 0.100000, 0.100000;;,
      19;3; 0.100000, 0.100000, 0.100000;;,
      20;3; 0.100000, 0.100000, 0.100000;;,
      21;3; 0.100000, 0.100000, 0.100000;;,
      22;3; 0.100000, 0.100000, 0.100000;;,
      23;3; 0.100000, 0.100000, 0.100000;;,
      24;3; 0.100000, 0.100000, 0.100000;;;
    }
    AnimationKey { // Position
      2;
      25;
      0;3; 0.000000, 0.000000, 0.000000;;,
      1;3; 0.000000, 0.000000, 0.000000;;,
      2;3; 0.000000, 0.000000, 0.000000;;,
      3;3; 0.000000, 0.000000, 0.000000;;,
      4;3; 0.000000, 0.000000, 0.000000;;,
      5;3; 0.000000, 0.000000, 0.000000;;,
      6;3; 0.000000, 0.000000, 0.000000;;,
      7;3; 0.000000, 0.000000, 0.000000;;,
      8;3; 0.000000, 0.000000, 0.000000;;,
      9;3; 0.000000, 0.000000, 0.000000;;,
      10;3; 0.000000, 0.000000, 0.000000;;,
      11;3; 0.000000, 0.000000, 0.000000;;,
      12;3; 0.000000, 0.000000, 0.000000;;,
      13;3; 0.000000, 0.000000, 0.000000;;,
      14;3; 0.000000, 0.000000, 0.000000;;,
      15;3; 0.000000, 0.000000, 0.000000;;,
      16;3; 0.000000, 0.000000, 0.000000;;,
      17;3; 0.000000, 0.000000, 0.000000;;,
      18;3; 0.000000, 0.000000, 0.000000;;,
      19;3; 0.000000, 0.000000, 0.000000;;,
      20;3; 0.000000, 0.000000, 0.000000;;,
      21;3; 0.000000, 0.000000, 0.000000;;,
      22;3; 0.000000, 0.000000, 0.000000;;,
      23;3; 0.000000, 0.000000, 0.000000;;,
      24;3; 0.000000, 0.000000, 0.000000;;;
    }
  }
  Animation {
    {Armature_mixamorig_Hips}
    AnimationKey { // Rotation
      0;
      25;
      0;4;-0.980002, 0.169105,-0.096612, 0.040819;;,
      1;4;-0.985089, 0.131294,-0.093792, 0.059708;;,
      2;4;-0.989455, 0.095521,-0.082136, 0.071472;;,
      3;4;-0.990959, 0.076860,-0.069350, 0.085347;;,
      4;4;-0.991443, 0.065566,-0.056512, 0.097718;;,
      5;4;-0.991852, 0.059257,-0.044654, 0.103554;;,
      6;4;-0.992294, 0.053904,-0.040561, 0.103930;;,
      7;4;-0.992780, 0.049209,-0.039497, 0.102015;;,
      8;4;-0.993285, 0.044784,-0.040454, 0.098708;;,
      9;4;-0.993772, 0.040245,-0.042463, 0.094841;;,
      10;4;-0.994210, 0.035204,-0.044496, 0.091251;;,
      11;4;-0.994580, 0.029281,-0.045595, 0.088742;;,
      12;4;-0.994857, 0.022093,-0.044785, 0.088122;;,
      13;4;-0.994908, 0.011507,-0.040597, 0.091533;;,
      14;4;-0.995338, 0.001230,-0.036731, 0.089166;;,
      15;4;-0.995808,-0.009725,-0.032607, 0.084910;;,
      16;4;-0.996233,-0.020830,-0.028467, 0.079219;;,
      17;4;-0.996566,-0.031554,-0.024561, 0.072505;;,
      18;4;-0.996791,-0.041367,-0.021113, 0.065199;;,
      19;4;-0.996923,-0.049741,-0.018360, 0.057740;;,
      20;4;-0.997006,-0.056149,-0.016543, 0.050534;;,
      21;4;-0.997096,-0.060063,-0.015961, 0.044016;;,
      22;4;-0.997514,-0.056129,-0.019317, 0.037990;;,
      23;4;-0.997841,-0.050523,-0.023765, 0.034582;;,
      24;4;-0.997960,-0.045694,-0.029063, 0.033824;;;
    }
    AnimationKey { // Scale
      1;
      25;
      0;3; 1.000000, 1.000000, 1.000000;;,
      1;3; 1.000000, 1.000000, 1.000000;;,
      2;3; 1.000000, 1.000000, 1.000000;;,
      3;3; 1.000000, 1.000000, 1.000000;;,
      4;3; 1.000000, 1.000000, 1.000000;;,
      5;3; 1.000000, 1.000000, 1.000000;;,
      6;3; 1.000000, 1.000000, 1.000000;;,
      7;3; 1.000000, 1.000000, 1.000000;;,
      8;3; 1.000000, 1.000000, 1.000000;;,
      9;3; 1.000000, 1.000000, 1.000000;;,
      10;3; 1.000000, 1.000000, 1.000000;;,
      11;3; 1.000000, 1.000000, 1.000000;;,
      12;3; 1.000000, 1.000000, 1.000000;;,
      13;3; 1.000000, 1.000000, 1.000000;;,
      14;3; 1.000000, 1.000000, 1.000000;;,
      15;3; 1.000000, 1.000000, 1.000000;;,
      16;3; 1.000000, 1.000000, 1.000000;;,
      17;3; 1.000000, 1.000000, 1.000000;;,
      18;3; 1.000000, 1.000000, 1.000000;;,
      19;3; 1.000000, 1.000000, 1.000000;;,
      20;3; 1.000000, 1.000000, 1.000000;;,
      21;3; 1.000000, 1.000000, 1.000000;;,
      22;3; 1.000000, 1.000000, 1.000000;;,
      23;3; 1.000000, 1.000000, 1.000000;;,
      24;3; 1.000000, 1.000000, 1.000000;;;
    }
    AnimationKey { // Position
      2;
      25;
      0;3; 0.000591,85.598228, 0.037722;;,
      1;3; 0.000591,85.598228, 0.037722;;,
      2;3; 0.000591,85.598228, 0.037722;;,
      3;3; 0.000591,85.598228, 0.037722;;,
      4;3; 0.000591,85.598228, 0.037722;;,
      5;3; 0.000591,85.598228, 0.037722;;,
      6;3; 0.000591,85.598228, 0.037722;;,
      7;3; 0.000591,85.598228, 0.037722;;,
      8;3; 0.000591,85.598228, 0.037722;;,
      9;3; 0.000591,85.598228, 0.037722;;,
      10;3; 0.000591,85.598228, 0.037722;;,
      11;3; 0.000591,85.598228, 0.037722;;,
      12;3; 0.000591,85.598228, 0.037722;;,
      13;3; 0.000591,85.598228, 0.037722;;,
      14;3; 0.000591,85.598228, 0.037722;;,
      15;3; 0.000591,85.598228, 0.037722;;,
      16;3; 0.000591,85.598228, 0.037722;;,
      17;3; 0.000591,85.598228, 0.037722;;,
      18;3; 0.000591,85.598228, 0.037722;;,
      19;3; 0.000591,85.598228, 0.037722;;,
      20;3; 0.000591,85.598228, 0.037722;;,
      21;3; 0.000591,85.598228, 0.037722;;,
      22;3; 0.000591,85.598228, 0.037722;;,
      23;3; 0.000591,85.598228, 0.037722;;,
      24;3; 0.000591,85.598228, 0.037722;;;
    }
  }
  Animation {
    {Armature_mixamorig_Spine}
    AnimationKey { // Rotation
      0;
      25;
      0;4;-0.979085, 0.191440, 0.055701,-0.040514;;,
      1;4;-0.978797, 0.181565, 0.080259,-0.050487;;,
      2;4;-0.978234, 0.177523, 0.091614,-0.056131;;,
      3;4;-0.978304, 0.170243, 0.098464,-0.065144;;,
      4;4;-0.978478, 0.163554, 0.101801,-0.073944;;,
      5;4;-0.978646, 0.161774, 0.099475,-0.078655;;,
      6;4;-0.978859, 0.161421, 0.095101,-0.082064;;,
      7;4;-0.979081, 0.162490, 0.088874,-0.084250;;,
      8;4;-0.979257, 0.164992, 0.080951,-0.085330;;,
      9;4;-0.979313, 0.168941, 0.071529,-0.085375;;,
      10;4;-0.979170, 0.174362, 0.060739,-0.084464;;,
      11;4;-0.978737, 0.181277, 0.048774,-0.082664;;,
      12;4;-0.977917, 0.189708, 0.035807,-0.080049;;,
      13;4;-0.975747, 0.205771, 0.016122,-0.072913;;,
      14;4;-0.972631, 0.224332, 0.001310,-0.060517;;,
      15;4;-0.968388, 0.244821,-0.012962,-0.046044;;,
      16;4;-0.963031, 0.266313,-0.026807,-0.030502;;,
      17;4;-0.956715, 0.287859,-0.040198,-0.014797;;,
      18;4;-0.949742, 0.308515,-0.053001, 0.000213;;,
      19;4;-0.942561, 0.327371,-0.064959, 0.013722;;,
      20;4;-0.935738, 0.343568,-0.075696, 0.025005;;,
      21;4;-0.929925, 0.356298,-0.084733, 0.033335;;,
      22;4;-0.928722, 0.358868,-0.086272, 0.035313;;,
      23;4;-0.929577, 0.357192,-0.084739, 0.033464;;,
      24;4;-0.931794, 0.352644,-0.081267, 0.028255;;;
    }
    AnimationKey { // Scale
      1;
      25;
      0;3; 1.000000, 1.000000, 1.000000;;,
      1;3; 1.000000, 1.000000, 1.000000;;,
      2;3; 1.000000, 1.000000, 1.000000;;,
      3;3; 1.000000, 1.000000, 1.000000;;,
      4;3; 1.000000, 1.000000, 1.000000;;,
      5;3; 1.000000, 1.000000, 1.000000;;,
      6;3; 1.000000, 1.000000, 1.000000;;,
      7;3; 1.000000, 1.000000, 1.000000;;,
      8;3; 1.000000, 1.000000, 1.000000;;,
      9;3; 1.000000, 1.000000, 1.000000;;,
      10;3; 1.000000, 1.000000, 1.000000;;,
