xof 0303txt 0032

template XSkinMeshHeader {
  <3cf169ce-ff7c-44ab-93c0-f78f62d172e2>
  WORD nMaxSkinWeightsPerVertex;
  WORD nMaxSkinWeightsPerFace;
  WORD nBones;
}

template SkinWeights {
  <6f0d123b-bad2-4167-a0d0-80224f25fabb>
  STRING transformNodeName;
  DWORD nWeights;
  array DWORD vertexIndices[nWeights];
  array float weights[nWeights];
  Matrix4x4 matrixOffset;
}

Frame Root {
  FrameTransformMatrix {
     1.000000, 0.000000, 0.000000, 0.000000,
     0.000000,-0.000000,-1.000000, 0.000000,
     0.000000, 1.000000,-0.000000, 0.000000,
     0.000000, 0.000000, 0.000000, 1.000000;;
  }
  Frame Armature {
    FrameTransformMatrix {
       0.100000, 0.000000, 0.000000, 0.000000,
       0.000000,-0.000000, 0.100000, 0.000000,
       0.000000,-0.100000,-0.000000, 0.000000,
       0.000000, 0.000000, 0.000000, 1.000000;;
    }
    Frame Armature_mixamorig_Hips {
      FrameTransformMatrix {
         0.998729,-0.044734,-0.023209, 0.000000,
         0.039584, 0.981348,-0.188122, 0.000000,
         0.031191, 0.186964, 0.981871, 0.000000,
         4.333639,90.159508,21.477369, 1.000000;;
      }
      Frame Armature_mixamorig_LeftUpLeg {
        FrameTransformMatrix {
          -0.992654, 0.003902,-0.120814, 0.000000,
          -0.043698,-0.943573, 0.328008, 0.000000,
          -0.112819, 0.331139, 0.935958, 0.000000,
           9.789108,-5.875885,-0.583681, 1.000000;;
        }
        Frame Armature_mixamorig_LeftLeg {
          FrameTransformMatrix {
             0.997309, 0.011692, 0.072372, 0.000000,
             0.033932, 0.801467,-0.597077, 0.000000,
            -0.064985, 0.597926, 0.798913, 0.000000,
            -0.000001,41.702003, 0.000004, 1.000000;;
          }
          Frame Armature_mixamorig_LeftFoot {
            FrameTransformMatrix {
               0.998388, 0.013259,-0.055185, 0.000000,
               0.037295, 0.579664, 0.814002, 0.000000,
               0.042782,-0.814747, 0.578235, 0.000000,
               0.000000,36.981369,-0.000002, 1.000000;;
            }
            Frame Armature_mixamorig_LeftToeBase {
              FrameTransformMatrix {
                 0.997507, 0.056207,-0.042672, 0.000000,
                -0.012582, 0.736635, 0.676173, 0.000000,
                 0.069439,-0.673950, 0.735505, 0.000000,
                -0.000000,16.707956,-0.000001, 1.000000;;
              }
              Frame Armature_mixamorig_LeftToe_End {
                FrameTransformMatrix {
                   1.000000,-0.000000,-0.000000, 0.000000,
                   0.000000, 1.000000, 0.000000, 0.000000,
                   0.000000,-0.000000, 1.000000, 0.000000,
                   0.000001, 7.126380, 0.000000, 1.000000;;
                }
              } // End of Armature_mixamorig_LeftToe_End
            } // End of Armature_mixamorig_LeftToeBase
          } // End of Armature_mixamorig_LeftFoot
        } // End of Armature_mixamorig_LeftLeg
      } // End of Armature_mixamorig_LeftUpLeg
      Frame Armature_mixamorig_RightUpLeg {
        FrameTransformMatrix {
          -0.953535, 0.209813,-0.216496, 0.000000,
          -0.227665,-0.971829, 0.061003, 0.000000,
          -0.197329, 0.107369, 0.975772, 0.000000,
          -9.857688,-5.875860,-0.583679, 1.000000;;
        }
        Frame Armature_mixamorig_RightLeg {
          FrameTransformMatrix {
             0.998799, 0.048965,-0.001623, 0.000000,
            -0.004645, 0.061683,-0.998086, 0.000000,
            -0.048771, 0.996894, 0.061836, 0.000000,
             0.000000,41.702000,-0.000001, 1.000000;;
          }
          Frame Armature_mixamorig_RightFoot {
            FrameTransformMatrix {
               0.991119, 0.103022, 0.084081, 0.000000,
              -0.123659, 0.481497, 0.867680, 0.000000,
               0.048906,-0.870372, 0.489960, 0.000000,
              -0.000000,36.980415,-0.000002, 1.000000;;
            }
            Frame Armature_mixamorig_RightToeBase {
              FrameTransformMatrix {
                 0.998583,-0.019871, 0.049388, 0.000000,
                -0.019378, 0.728399, 0.684879, 0.000000,
                -0.049583,-0.684864, 0.726981, 0.000000,
                -0.000001,16.687986,-0.000001, 1.000000;;
              }
              Frame Armature_mixamorig_RightToe_End {
                FrameTransformMatrix {
                   1.000000,-0.000000,-0.000000, 0.000000,
                   0.000000, 1.000000, 0.000000, 0.000000,
                   0.000000,-0.000000, 1.000000, 0.000000,
                   0.000000, 7.110362, 0.000001, 1.000000;;
                }
              } // End of Armature_mixamorig_RightToe_End
            } // End of Armature_mixamorig_RightToeBase
          } // End of Armature_mixamorig_RightFoot
        } // End of Armature_mixamorig_RightLeg
      } // End of Armature_mixamorig_RightUpLeg
      Frame Armature_mixamorig_Spine {
        FrameTransformMatrix {
           0.994586, 0.103306, 0.011289, 0.000000,
          -0.103396, 0.972795, 0.207313, 0.000000,
           0.010434,-0.207358, 0.978209, 0.000000,
           0.017331,10.574831,-1.117228, 1.000000;;
        }
        Frame Armature_mixamorig_Spine1 {
          FrameTransformMatrix {
             0.998604, 0.051903, 0.009783, 0.000000,
            -0.052200, 0.998090, 0.033043, 0.000000,
            -0.008049,-0.033507, 0.999406, 0.000000,
             0.000001,12.405980,-0.000004, 1.000000;;
          }
          Frame Armature_mixamorig_Spine2 {
            FrameTransformMatrix {
               0.998812, 0.047469, 0.010964, 0.000000,
              -0.048503, 0.990041, 0.132157, 0.000000,
              -0.004582,-0.132532, 0.991168, 0.000000,
              -0.000001,14.178260, 0.000002, 1.000000;;
            }
            Frame Armature_mixamorig_LeftShoulder {
              FrameTransformMatrix {
                 0.524904, 0.050006,-0.849691, 0.000000,
                 0.823444,-0.282513, 0.492064, 0.000000,
                -0.215442,-0.957959,-0.189469, 0.000000,
                 5.934976,13.670228,-1.662610, 1.000000;;
              }
              Frame Armature_mixamorig_LeftArm {
                FrameTransformMatrix {
                   0.853861, 0.345263, 0.389506, 0.000000,
                  -0.496170, 0.766035, 0.408663, 0.000000,
                  -0.157279,-0.542203, 0.825396, 0.000000,
                   0.000003,12.607911,-0.000009, 1.000000;;
                }
                Frame Armature_mixamorig_LeftForeArm {
                  FrameTransformMatrix {
                     0.521813, 0.650756, 0.551568, 0.000000,
                    -0.846035, 0.477595, 0.236913, 0.000000,
                    -0.109253,-0.590270, 0.799778, 0.000000,
                     0.000000,25.574333, 0.000010, 1.000000;;
                  }
                  Frame Armature_mixamorig_LeftHand {
                    FrameTransformMatrix {
                       0.891528, 0.411625, 0.189055, 0.000000,
                      -0.438496, 0.888933, 0.132363, 0.000000,
                      -0.113573,-0.200905, 0.973005, 0.000000,
                       0.000006,21.603373, 0.000007, 1.000000;;
                    }
                    Frame Armature_mixamorig_LeftHandIndex1 {
                      FrameTransformMatrix {
                         0.998634, 0.013563,-0.050467, 0.000000,
                         0.010352, 0.895245, 0.445454, 0.000000,
                         0.051222,-0.445367, 0.893881, 0.000000,
                        -2.341889, 9.909746,-0.291375, 1.000000;;
                      }
                      Frame Armature_mixamorig_LeftHandIndex2 {
                        FrameTransformMatrix {
                           0.997048, 0.076784, 0.000124, 0.000000,
                          -0.068761, 0.892144, 0.446487, 0.000000,
                           0.034172,-0.445177, 0.894790, 0.000000,
                           0.000002, 3.776732,-0.000008, 1.000000;;
                        }
                        Frame Armature_mixamorig_LeftHandIndex3 {
                          FrameTransformMatrix {
                             0.999277,-0.034381,-0.016240, 0.000000,
                             0.037817, 0.854207, 0.518556, 0.000000,
                            -0.003956,-0.518795, 0.854890, 0.000000,
                             0.000003, 2.543046,-0.000011, 1.000000;;
                          }
                          Frame Armature_mixamorig_LeftHandIndex4 {
                            FrameTransformMatrix {
                               1.000000, 0.000000,-0.000000, 0.000000,
                              -0.000000, 1.000000, 0.000000, 0.000000,
                               0.000000,-0.000000, 1.000000, 0.000000,
                              -0.000005, 2.529052,-0.000009, 1.000000;;
                            }
                          } // End of Armature_mixamorig_LeftHandIndex4
                        } // End of Armature_mixamorig_LeftHandIndex3
                      } // End of Armature_mixamorig_LeftHandIndex2
                    } // End of Armature_mixamorig_LeftHandIndex1
                    Frame Armature_mixamorig_LeftHandMiddle1 {
                      FrameTransformMatrix {
                         0.998933,-0.046133, 0.002310, 0.000000,
                         0.040261, 0.894120, 0.446014, 0.000000,
                        -0.022642,-0.445445, 0.895023, 0.000000,
                         0.000022, 9.700754, 0.000009, 1.000000;;
                      }
                      Frame Armature_mixamorig_LeftHandMiddle2 {
                        FrameTransformMatrix {
                           0.996387, 0.084928, 0.000483, 0.000000,
                          -0.074051, 0.865966, 0.494591, 0.000000,
                           0.041586,-0.492839, 0.869126, 0.000000,
                           0.000001, 4.014631,-0.000010, 1.000000;;
                        }
                        Frame Armature_mixamorig_LeftHandMiddle3 {
                          FrameTransformMatrix {
                             0.999485,-0.029096,-0.013522, 0.000000,
                             0.032077, 0.897219, 0.440419, 0.000000,
                            -0.000682,-0.440627, 0.897690, 0.000000,
                            -0.000001, 2.996720, 0.000004, 1.000000;;
                          }
                          Frame Armature_mixamorig_LeftHandMiddle4 {
                            FrameTransformMatrix {
                               1.000000, 0.000000,-0.000000, 0.000000,
                              -0.000000, 1.000000,-0.000011, 0.000000,
                               0.000000, 0.000011, 1.000000, 0.000000,
                               0.000007, 2.824979, 0.000002, 1.000000;;
                            }
                          } // End of Armature_mixamorig_LeftHandMiddle4
                        } // End of Armature_mixamorig_LeftHandMiddle3
                      } // End of Armature_mixamorig_LeftHandMiddle2
                    } // End of Armature_mixamorig_LeftHandMiddle1
                    Frame Armature_mixamorig_LeftHandPinky1 {
                      FrameTransformMatrix {
                         0.995495,-0.076113, 0.056544, 0.000000,
                         0.030529, 0.821885, 0.568835, 0.000000,
                        -0.089769,-0.564546, 0.820506, 0.000000,
                         4.712739, 8.985470,-0.221633, 1.000000;;
                      }
                      Frame Armature_mixamorig_LeftHandPinky2 {
                        FrameTransformMatrix {
                           1.000000, 0.000828, 0.000183, 0.000000,
                          -0.000795, 0.839889, 0.542758, 0.000000,
                           0.000296,-0.542758, 0.839889, 0.000000,
                          -0.000012, 3.562533, 0.000005, 1.000000;;
                        }
                        Frame Armature_mixamorig_LeftHandPinky3 {
                          FrameTransformMatrix {
                             1.000000, 0.000446,-0.000011, 0.000000,
                            -0.000421, 0.950878, 0.309567, 0.000000,
                             0.000149,-0.309567, 0.950878, 0.000000,
                            -0.000003, 2.335179,-0.000001, 1.000000;;
                          }
                          Frame Armature_mixamorig_LeftHandPinky4 {
                            FrameTransformMatrix {
                               1.000000,-0.000000, 0.000000, 0.000000,
                               0.000000, 1.000000,-0.000007, 0.000000,
                              -0.000000, 0.000007, 1.000000, 0.000000,
                              -0.000012, 2.037311, 0.000004, 1.000000;;
                            }
                          } // End of Armature_mixamorig_LeftHandPinky4
                        } // End of Armature_mixamorig_LeftHandPinky3
                      } // End of Armature_mixamorig_LeftHandPinky2
                    } // End of Armature_mixamorig_LeftHandPinky1
                    Frame Armature_mixamorig_LeftHandRing1 {
                      FrameTransformMatrix {
                         0.999544,-0.029910, 0.004157, 0.000000,
                         0.022528, 0.830268, 0.556909, 0.000000,
                        -0.020109,-0.556561, 0.830563, 0.000000,
                         2.241711, 9.308407,-0.143556, 1.000000;;
                      }
                      Frame Armature_mixamorig_LeftHandRing2 {
                        FrameTransformMatrix {
                           0.999696, 0.022692, 0.009641, 0.000000,
                          -0.024611, 0.894839, 0.445709, 0.000000,
                           0.001487,-0.445811, 0.895126, 0.000000,
                           0.000000, 4.019408, 0.000003, 1.000000;;
                        }
                        Frame Armature_mixamorig_LeftHandRing3 {
                          FrameTransformMatrix {
                             0.999776,-0.021120, 0.001158, 0.000000,
                             0.019328, 0.934422, 0.355643, 0.000000,
                            -0.008594,-0.355541, 0.934621, 0.000000,
                            -0.000007, 2.790820,-0.000004, 1.000000;;
                          }
                          Frame Armature_mixamorig_LeftHandRing4 {
                            FrameTransformMatrix {
                               1.000000,-0.000000,-0.000000, 0.000000,
                              -0.000000, 1.000000, 0.000012, 0.000000,
                               0.000000,-0.000012, 1.000000, 0.000000,
                              -0.000013, 2.540734,-0.000004, 1.000000;;
                            }
                          } // End of Armature_mixamorig_LeftHandRing4
                        } // End of Armature_mixamorig_LeftHandRing3
                      } // End of Armature_mixamorig_LeftHandRing2
                    } // End of Armature_mixamorig_LeftHandRing1
                    Frame Armature_mixamorig_LeftHandThumb1 {
                      FrameTransformMatrix {
                         0.851509, 0.458524, 0.254341, 0.000000,
                        -0.523328, 0.713055, 0.466563, 0.000000,
                         0.032571,-0.530386, 0.847130, 0.000000,
                        -2.370381, 3.545610, 1.908228, 1.000000;;
                      }
                      Frame Armature_mixamorig_LeftHandThumb2 {
                        FrameTransformMatrix {
                           0.872900,-0.263272,-0.410771, 0.000000,
                           0.204400, 0.961803,-0.182085, 0.000000,
                           0.443019, 0.074981, 0.893372, 0.000000,
                           0.000010, 2.808392,-0.000012, 1.000000;;
                        }
                        Frame Armature_mixamorig_LeftHandThumb3 {
                          FrameTransformMatrix {
                             0.614646,-0.171938,-0.769836, 0.000000,
                             0.281376, 0.959541, 0.010347, 0.000000,
                             0.736911,-0.222973, 0.638158, 0.000000,
                            -0.000007, 2.378957,-0.000001, 1.000000;;
                          }
                          Frame Armature_mixamorig_LeftHandThumb4 {
                            FrameTransformMatrix {
                               1.000000,-0.000000,-0.000000, 0.000000,
                               0.000000, 1.000000,-0.000000, 0.000000,
                               0.000000, 0.000000, 1.000000, 0.000000,
                              -0.000004, 2.444970,-0.000003, 1.000000;;
                            }
                          } // End of Armature_mixamorig_LeftHandThumb4
                        } // End of Armature_mixamorig_LeftHandThumb3
                      } // End of Armature_mixamorig_LeftHandThumb2
                    } // End of Armature_mixamorig_LeftHandThumb1
                  } // End of Armature_mixamorig_LeftHand
                } // End of Armature_mixamorig_LeftForeArm
              } // End of Armature_mixamorig_LeftArm
            } // End of Armature_mixamorig_LeftShoulder
            Frame Armature_mixamorig_Neck {
              FrameTransformMatrix {
                 0.993048, 0.077374, 0.088709, 0.000000,
                -0.074460, 0.996585,-0.035702, 0.000000,
                -0.091168, 0.028848, 0.995418, 0.000000,
                 0.024440,15.862258,-1.675822, 1.000000;;
              }
              Frame Armature_mixamorig_Head {
                FrameTransformMatrix {
                   0.976937,-0.128089, 0.170841, 0.000000,
                   0.146563, 0.984107,-0.100265, 0.000000,
                  -0.155283, 0.122992, 0.980184, 0.000000,
                  -0.000000, 5.564029, 0.988080, 1.000000;;
                }
                Frame Armature_mixamorig_HeadTop_End {
                  FrameTransformMatrix {
                     1.000000, 0.000000,-0.000000, 0.000000,
                    -0.000000, 1.000000,-0.000000, 0.000000,
                    -0.000000, 0.000000, 1.000000, 0.000000,
                     0.000000,18.311892, 3.086909, 1.000000;;
                  }
                } // End of Armature_mixamorig_HeadTop_End
                Frame Armature_mixamorig_LeftEye {
                  FrameTransformMatrix {
                    -0.000000,-0.000000,-1.000000, 0.000000,
                     1.000000,-0.000000,-0.000000, 0.000000,
                    -0.000000,-1.000000, 0.000000, 0.000000,
                     2.284448, 7.935705, 7.063705, 1.000000;;
                  }
                } // End of Armature_mixamorig_LeftEye
                Frame Armature_mixamorig_RightEye {
                  FrameTransformMatrix {
                    -0.000000, 0.000000, 1.000000, 0.000000,
                    -1.000000,-0.000000,-0.000000, 0.000000,
                     0.000000,-1.000000, 0.000000, 0.000000,
                    -2.377507, 7.935699, 7.063707, 1.000000;;
                  }
                } // End of Armature_mixamorig_RightEye
              } // End of Armature_mixamorig_Head
            } // End of Armature_mixamorig_Neck
            Frame Armature_mixamorig_RightShoulder {
              FrameTransformMatrix {
                 0.206313, 0.032734, 0.977939, 0.000000,
                -0.958916,-0.192124, 0.208732, 0.000000,
                 0.194719,-0.980825,-0.008248, 0.000000,
                -5.934982,13.670609,-1.662609, 1.000000;;
              }
              Frame Armature_mixamorig_RightArm {
                FrameTransformMatrix {
                   0.740378,-0.528368,-0.415532, 0.000000,
                   0.608255, 0.789744, 0.079568, 0.000000,
                   0.286122,-0.311659, 0.906091, 0.000000,
                  -0.000000,12.607945,-0.000003, 1.000000;;
                }
                Frame Armature_mixamorig_RightForeArm {
                  FrameTransformMatrix {
                     0.926179,-0.316029,-0.205714, 0.000000,
                     0.332462, 0.941790, 0.049999, 0.000000,
                     0.177938,-0.114700, 0.977334, 0.000000,
                     0.000004,25.574291,-0.000003, 1.000000;;
                  }
                  Frame Armature_mixamorig_RightHand {
                    FrameTransformMatrix {
                       0.866101,-0.496334, 0.059336, 0.000000,
                       0.499657, 0.856160,-0.131655, 0.000000,
                       0.014544, 0.143674, 0.989518, 0.000000,
                       0.000000,21.603390,-0.000007, 1.000000;;
                    }
                    Frame Armature_mixamorig_RightHandIndex1 {
                      FrameTransformMatrix {
                         0.998611, 0.052666,-0.001401, 0.000000,
                        -0.023959, 0.477650, 0.878224, 0.000000,
                         0.046921,-0.876970, 0.478248, 0.000000,
                         2.341887, 9.909706,-0.290997, 1.000000;;
                      }
                      Frame Armature_mixamorig_RightHandIndex2 {
                        FrameTransformMatrix {
                           0.997036,-0.076931,-0.000082, 0.000000,
                           0.030618, 0.395833, 0.917812, 0.000000,
                          -0.070576,-0.915094, 0.397016, 0.000000,
                          -0.000008, 3.776800,-0.000004, 1.000000;;
                        }
                        Frame Armature_mixamorig_RightHandIndex3 {
                          FrameTransformMatrix {
                             0.999418, 0.007211, 0.033330, 0.000000,
                            -0.032369, 0.508176, 0.860645, 0.000000,
                            -0.010732,-0.861223, 0.508113, 0.000000,
                            -0.000012, 2.542995,-0.000004, 1.000000;;
                          }
                          Frame Armature_mixamorig_RightHandIndex4 {
                            FrameTransformMatrix {
                               1.000000, 0.000000,-0.000000, 0.000000,
                              -0.000000, 1.000000,-0.000000, 0.000000,
                               0.000000, 0.000000, 1.000000, 0.000000,
                               0.000000, 2.529014, 0.000014, 1.000000;;
                            }
                          } // End of Armature_mixamorig_RightHandIndex4
                        } // End of Armature_mixamorig_RightHandIndex3
                      } // End of Armature_mixamorig_RightHandIndex2
                    } // End of Armature_mixamorig_RightHandIndex1
                    Frame Armature_mixamorig_RightHandMiddle1 {
                      FrameTransformMatrix {
                         0.999762, 0.001784,-0.021764, 0.000000,
                         0.019558, 0.370163, 0.928761, 0.000000,
                         0.009714,-0.928965, 0.370040, 0.000000,
                        -0.000028, 9.700707, 0.000006, 1.000000;;
                      }
                      Frame Armature_mixamorig_RightHandMiddle2 {
                        FrameTransformMatrix {
                           0.996312,-0.085788,-0.001636, 0.000000,
                           0.009854, 0.095462, 0.995384, 0.000000,
                          -0.085236,-0.991729, 0.095956, 0.000000,
                           0.000002, 4.014692,-0.000011, 1.000000;;
                        }
                        Frame Armature_mixamorig_RightHandMiddle3 {
                          FrameTransformMatrix {
                             0.999605, 0.023109, 0.015983, 0.000000,
                            -0.028081, 0.841186, 0.540017, 0.000000,
                            -0.000966,-0.540252, 0.841503, 0.000000,
                            -0.000006, 2.996716, 0.000000, 1.000000;;
                          }
                          Frame Armature_mixamorig_RightHandMiddle4 {
                            FrameTransformMatrix {
                               1.000000,-0.000000, 0.000000, 0.000000,
                              -0.000000, 1.000000,-0.000000, 0.000000,
                               0.000000, 0.000000, 1.000000, 0.000000,
                              -0.000001, 2.824989, 0.000013, 1.000000;;
                            }
                          } // End of Armature_mixamorig_RightHandMiddle4
                        } // End of Armature_mixamorig_RightHandMiddle3
                      } // End of Armature_mixamorig_RightHandMiddle2
                    } // End of Armature_mixamorig_RightHandMiddle1
                    Frame Armature_mixamorig_RightHandPinky1 {
                      FrameTransformMatrix {
                         0.997608,-0.002068,-0.069096, 0.000000,
                         0.069102, 0.056435, 0.996012, 0.000000,
                         0.001839,-0.998404, 0.056443, 0.000000,
                        -4.712741, 8.985502,-0.220992, 1.000000;;
                      }
                      Frame Armature_mixamorig_RightHandPinky2 {
                        FrameTransformMatrix {
                           0.999999,-0.001314,-0.000656, 0.000000,
                           0.001298, 0.581908, 0.813254, 0.000000,
                          -0.000687,-0.813254, 0.581909, 0.000000,
                          -0.000007, 3.562500,-0.000010, 1.000000;;
                        }
                        Frame Armature_mixamorig_RightHandPinky3 {
                          FrameTransformMatrix {
                             1.000000,-0.000675,-0.000165, 0.000000,
                             0.000679, 0.900092, 0.435700, 0.000000,
                            -0.000146,-0.435700, 0.900092, 0.000000,
                             0.000003, 2.335192, 0.000004, 1.000000;;
                          }
                          Frame Armature_mixamorig_RightHandPinky4 {
                            FrameTransformMatrix {
                               1.000000, 0.000000, 0.000000, 0.000000,
                               0.000000, 1.000000, 0.000000, 0.000000,
                              -0.000000,-0.000000, 1.000000, 0.000000,
                              -0.000001, 2.037322, 0.000008, 1.000000;;
                            }
                          } // End of Armature_mixamorig_RightHandPinky4
                        } // End of Armature_mixamorig_RightHandPinky3
                      } // End of Armature_mixamorig_RightHandPinky2
                    } // End of Armature_mixamorig_RightHandPinky1
                    Frame Armature_mixamorig_RightHandRing1 {
                      FrameTransformMatrix {
                         0.996671, 0.080115, 0.015102, 0.000000,
                        -0.029902, 0.186895, 0.981925, 0.000000,
                         0.075845,-0.979108, 0.188668, 0.000000,
                        -2.241711, 9.308414,-0.142996, 1.000000;;
                      }
                      Frame Armature_mixamorig_RightHandRing2 {
                        FrameTransformMatrix {
                           0.999716,-0.020145,-0.012755, 0.000000,
                           0.018020, 0.288043, 0.957448, 0.000000,
                          -0.015614,-0.957406, 0.288324, 0.000000,
                          -0.000002, 4.019396,-0.000004, 1.000000;;
                        }
                        Frame Armature_mixamorig_RightHandRing3 {
                          FrameTransformMatrix {
                             0.999785, 0.020714,-0.001214, 0.000000,
                            -0.015298, 0.775388, 0.631300, 0.000000,
                             0.014018,-0.631145, 0.775538, 0.000000,
                             0.000008, 2.790817,-0.000002, 1.000000;;
                          }
                          Frame Armature_mixamorig_RightHandRing4 {
                            FrameTransformMatrix {
                               1.000000,-0.000000, 0.000000, 0.000000,
                               0.000000, 1.000000, 0.000000, 0.000000,
                              -0.000000,-0.000000, 1.000000, 0.000000,
                              -0.000000, 2.540699, 0.000003, 1.000000;;
                            }
                          } // End of Armature_mixamorig_RightHandRing4
                        } // End of Armature_mixamorig_RightHandRing3
                      } // End of Armature_mixamorig_RightHandRing2
                    } // End of Armature_mixamorig_RightHandRing1
                    Frame Armature_mixamorig_RightHandThumb1 {
                      FrameTransformMatrix {
                         0.976735,-0.103502, 0.187820, 0.000000,
                        -0.095348, 0.574893, 0.812654, 0.000000,
                        -0.192088,-0.811656, 0.551649, 0.000000,
                         2.370371, 3.545609, 1.909010, 1.000000;;
                      }
                      Frame Armature_mixamorig_RightHandThumb2 {
                        FrameTransformMatrix {
                           0.951148, 0.004181, 0.308704, 0.000000,
                           0.056203, 0.980855,-0.186452, 0.000000,
                          -0.303574, 0.194694, 0.932703, 0.000000,
                          -0.000003, 2.807978, 0.000004, 1.000000;;
                        }
                        Frame Armature_mixamorig_RightHandThumb3 {
                          FrameTransformMatrix {
                             0.927102, 0.226661,-0.298512, 0.000000,
                            -0.296324, 0.930931,-0.213450, 0.000000,
                             0.229513, 0.286346, 0.930232, 0.000000,
                            -0.000000, 2.378974, 0.000012, 1.000000;;
                          }
                          Frame Armature_mixamorig_RightHandThumb4 {
                            FrameTransformMatrix {
                               1.000000, 0.000000,-0.000000, 0.000000,
                              -0.000000, 1.000000, 0.000000, 0.000000,
                              -0.000000,-0.000000, 1.000000, 0.000000,
                              -0.000005, 2.445271, 0.000014, 1.000000;;
                            }
                          } // End of Armature_mixamorig_RightHandThumb4
                        } // End of Armature_mixamorig_RightHandThumb3
                      } // End of Armature_mixamorig_RightHandThumb2
                    } // End of Armature_mixamorig_RightHandThumb1
                  } // End of Armature_mixamorig_RightHand
                } // End of Armature_mixamorig_RightForeArm
              } // End of Armature_mixamorig_RightArm
            } // End of Armature_mixamorig_RightShoulder
          } // End of Armature_mixamorig_Spine2
        } // End of Armature_mixamorig_Spine1
      } // End of Armature_mixamorig_Spine
    } // End of Armature_mixamorig_Hips
    Frame Paladin_J_Nordstrom {
      FrameTransformMatrix {
         1.000000,-0.000000,-0.000000, 0.000000,
         0.000000, 1.000000,-0.000000, 0.000000,
        -0.000000,-0.000000, 1.000000, 0.000000,
         0.000000, 0.000002, 0.000001, 1.000000;;
      }
    } // End of Paladin_J_Nordstrom
    Frame Paladin_J_Nordstrom_Helmet {
      FrameTransformMatrix {
         1.000000,-0.000000,-0.000000, 0.000000,
         0.000000, 1.000000,-0.000000, 0.000000,
        -0.000000,-0.000000, 1.000000, 0.000000,
         0.000000, 0.000002, 0.000001, 1.000000;;
      }
    } // End of Paladin_J_Nordstrom_Helmet
  } // End of Armature
} // End of Root
AnimationSet Global {
  Animation {
    {Armature}
    AnimationKey { // Rotation
      0;
      74;
      0;4;-0.707107, 0.707107, 0.000000, 0.000000;;,
      1;4;-0.707107, 0.707107, 0.000000, 0.000000;;,
      2;4;-0.707107, 0.707107, 0.000000, 0.000000;;,
      3;4;-0.707107, 0.707107, 0.000000, 0.000000;;,
      4;4;-0.707107, 0.707107, 0.000000, 0.000000;;,
      5;4;-0.707107, 0.707107, 0.000000, 0.000000;;,
      6;4;-0.707107, 0.707107, 0.000000, 0.000000;;,
      7;4;-0.707107, 0.707107, 0.000000, 0.000000;;,
      8;4;-0.707107, 0.707107, 0.000000, 0.000000;;,
      9;4;-0.707107, 0.707107, 0.000000, 0.000000;;,
      10;4;-0.707107, 0.707107, 0.000000, 0.000000;;,
      11;4;-0.707107, 0.707107, 0.000000, 0.000000;;,
      12;4;-0.707107, 0.707107, 0.000000, 0.000000;;,
      13;4;-0.707107, 0.707107, 0.000000, 0.000000;;,
      14;4;-0.707107, 0.707107, 0.000000, 0.000000;;,
      15;4;-0.707107, 0.707107, 0.000000, 0.000000;;,
      16;4;-0.707107, 0.707107, 0.000000, 0.000000;;,
      17;4;-0.707107, 0.707107, 0.000000, 0.000000;;,
      18;4;-0.707107, 0.707107, 0.000000, 0.000000;;,
      19;4;-0.707107, 0.707107, 0.000000, 0.000000;;,
      20;4;-0.707107, 0.707107, 0.000000, 0.000000;;,
      21;4;-0.707107, 0.707107, 0.000000, 0.000000;;,
      22;4;-0.707107, 0.707107, 0.000000, 0.000000;;,
      23;4;-0.707107, 0.707107, 0.000000, 0.000000;;,
      24;4;-0.707107, 0.707107, 0.000000, 0.000000;;,
      25;4;-0.707107, 0.707107, 0.000000, 0.000000;;,
      26;4;-0.707107, 0.707107, 0.000000, 0.000000;;,
      27;4;-0.707107, 0.707107, 0.000000, 0.000000;;,
      28;4;-0.707107, 0.707107, 0.000000, 0.000000;;,
      29;4;-0.707107, 0.707107, 0.000000, 0.000000;;,
      30;4;-0.707107, 0.707107, 0.000000, 0.000000;;,
      31;4;-0.707107, 0.707107, 0.000000, 0.000000;;,
      32;4;-0.707107, 0.707107, 0.000000, 0.000000;;,
      33;4;-0.707107, 0.707107, 0.000000, 0.000000;;,
      34;4;-0.707107, 0.707107, 0.000000, 0.000000;;,
      35;4;-0.707107, 0.707107, 0.000000, 0.000000;;,
      36;4;-0.707107, 0.707107, 0.000000, 0.000000;;,
      37;4;-0.707107, 0.707107, 0.000000, 0.000000;;,
      38;4;-0.707107, 0.707107, 0.000000, 0.000000;;,
      39;4;-0.707107, 0.707107, 0.000000, 0.000000;;,
      40;4;-0.707107, 0.707107, 0.000000, 0.000000;;,
      41;4;-0.707107, 0.707107, 0.000000, 0.000000;;,
      42;4;-0.707107, 0.707107, 0.000000, 0.000000;;,
      43;4;-0.707107, 0.707107, 0.000000, 0.000000;;,
      44;4;-0.707107, 0.707107, 0.000000, 0.000000;;,
      45;4;-0.707107, 0.707107, 0.000000, 0.000000;;,
      46;4;-0.707107, 0.707107, 0.000000, 0.000000;;,
      47;4;-0.707107, 0.707107, 0.000000, 0.000000;;,
      48;4;-0.707107, 0.707107, 0.000000, 0.000000;;,
      49;4;-0.707107, 0.707107, 0.000000, 0.000000;;,
      50;4;-0.707107, 0.707107, 0.000000, 0.000000;;,
      51;4;-0.707107, 0.707107, 0.000000, 0.000000;;,
      52;4;-0.707107, 0.707107, 0.000000, 0.000000;;,
      53;4;-0.707107, 0.707107, 0.000000, 0.000000;;,
      54;4;-0.707107, 0.707107, 0.000000, 0.000000;;,
      55;4;-0.707107, 0.707107, 0.000000, 0.000000;;,
      56;4;-0.707107, 0.707107, 0.000000, 0.000000;;,
      57;4;-0.707107, 0.707107, 0.000000, 0.000000;;,
      58;4;-0.707107, 0.707107, 0.000000, 0.000000;;,
      59;4;-0.707107, 0.707107, 0.000000, 0.000000;;,
      60;4;-0.707107, 0.707107, 0.000000, 0.000000;;,
      61;4;-0.707107, 0.707107, 0.000000, 0.000000;;,
      62;4;-0.707107, 0.707107, 0.000000, 0.000000;;,
      63;4;-0.707107, 0.707107, 0.000000, 0.000000;;,
      64;4;-0.707107, 0.707107, 0.000000, 0.000000;;,
      65;4;-0.707107, 0.707107, 0.000000, 0.000000;;,
      66;4;-0.707107, 0.707107, 0.000000, 0.000000;;,
      67;4;-0.707107, 0.707107, 0.000000, 0.000000;;,
      68;4;-0.707107, 0.707107, 0.000000, 0.000000;;,
      69;4;-0.707107, 0.707107, 0.000000, 0.000000;;,
      70;4;-0.707107, 0.707107, 0.000000, 0.000000;;,
      71;4;-0.707107, 0.707107, 0.000000, 0.000000;;,
      72;4;-0.707107, 0.707107, 0.000000, 0.000000;;,
      73;4;-0.707107, 0.707107, 0.000000, 0.000000;;;
    }
    AnimationKey { // Scale
      1;
      74;
      0;3; 0.100000, 0.100000, 0.100000;;,
      1;3; 0.100000, 0.100000, 0.100000;;,
      2;3; 0.100000, 0.100000, 0.100000;;,
      3;3; 0.100000, 0.100000, 0.100000;;,
      4;3; 0.100000, 0.100000, 0.100000;;,
      5;3; 0.100000, 0.100000, 0.100000;;,
      6;3; 0.100000, 0.100000, 0.100000;;,
      7;3; 0.100000, 0.100000, 0.100000;;,
      8;3; 0.100000, 0.100000, 0.100000;;,
      9;3; 0.100000, 0.100000, 0.100000;;,
      10;3; 0.100000, 0.100000, 0.100000;;,
      11;3; 0.100000, 0.100000, 0.100000;;,
      12;3; 0.100000, 0.100000, 0.100000;;,
      13;3; 0.100000, 0.100000, 0.100000;;,
      14;3; 0.100000, 0.100000, 0.100000;;,
      15;3; 0.100000, 0.100000, 0.100000;;,
      16;3; 0.100000, 0.100000, 0.100000;;,
      17;3; 0.100000, 0.100000, 0.100000;;,
      18;3; 0.100000, 0.100000, 0.100000;;,
      19;3; 0.100000, 0.100000, 0.100000;;,
      20;3; 0.100000, 0.100000, 0.100000;;,
      21;3; 0.100000, 0.100000, 0.100000;;,
      22;3; 0.100000, 0.100000, 0.100000;;,
      23;3; 0.100000, 0.100000, 0.100000;;,
      24;3; 0.100000, 0.100000, 0.100000;;,
      25;3; 0.100000, 0.100000, 0.100000;;,
      26;3; 0.100000, 0.100000, 0.100000;;,
      27;3; 0.100000, 0.100000, 0.100000;;,
      28;3; 0.100000, 0.100000, 0.100000;;,
      29;3; 0.100000, 0.100000, 0.100000;;,
      30;3; 0.100000, 0.100000, 0.100000;;,
      31;3; 0.100000, 0.100000, 0.100000;;,
      32;3; 0.100000, 0.100000, 0.100000;;,
      33;3; 0.100000, 0.100000, 0.100000;;,
      34;3; 0.100000, 0.100000, 0.100000;;,
      35;3; 0.100000, 0.100000, 0.100000;;,
      36;3; 0.100000, 0.100000, 0.100000;;,
      37;3; 0.100000, 0.100000, 0.100000;;,
      38;3; 0.100000, 0.100000, 0.100000;;,
      39;3; 0.100000, 0.100000, 0.100000;;,
      40;3; 0.100000, 0.100000, 0.100000;;,
      41;3; 0.100000, 0.100000, 0.100000;;,
      42;3; 0.100000, 0.100000, 0.100000;;,
      43;3; 0.100000, 0.100000, 0.100000;;,
      44;3; 0.100000, 0.100000, 0.100000;;,
      45;3; 0.100000, 0.100000, 0.100000;;,
      46;3; 0.100000, 0.100000, 0.100000;;,
      47;3; 0.100000, 0.100000, 0.100000;;,
      48;3; 0.100000, 0.100000, 0.100000;;,
      49;3; 0.100000, 0.100000, 0.100000;;,
      50;3; 0.100000, 0.100000, 0.100000;;,
      51;3; 0.100000, 0.100000, 0.100000;;,
      52;3; 0.100000, 0.100000, 0.100000;;,
      53;3; 0.100000, 0.100000, 0.100000;;,
      54;3; 0.100000, 0.100000, 0.100000;;,
      55;3; 0.100000, 0.100000, 0.100000;;,
      56;3; 0.100000, 0.100000, 0.100000;;,
      57;3; 0.100000, 0.100000, 0.100000;;,
      58;3; 0.100000, 0.100000, 0.100000;;,
      59;3; 0.100000, 0.100000, 0.100000;;,
      60;3; 0.100000, 0.100000, 0.100000;;,
      61;3; 0.100000, 0.100000, 0.100000;;,
      62;3; 0.100000, 0.100000, 0.100000;;,
      63;3; 0.100000, 0.100000, 0.100000;;,
      64;3; 0.100000, 0.100000, 0.100000;;,
      65;3; 0.100000, 0.100000, 0.100000;;,
      66;3; 0.100000, 0.100000, 0.100000;;,
      67;3; 0.100000, 0.100000, 0.100000;;,
      68;3; 0.100000, 0.100000, 0.100000;;,
      69;3; 0.100000, 0.100000, 0.100000;;,
      70;3; 0.100000, 0.100000, 0.100000;;,
      71;3; 0.100000, 0.100000, 0.100000;;,
      72;3; 0.100000, 0.100000, 0.100000;;,
      73;3; 0.100000, 0.100000, 0.100000;;;
    }
    AnimationKey { // Position
      2;
      74;
      0;3; 0.000000, 0.000000, 0.000000;;,
      1;3; 0.000000, 0.000000, 0.000000;;,
      2;3; 0.000000, 0.000000, 0.000000;;,
      3;3; 0.000000, 0.000000, 0.000000;;,
      4;3; 0.000000, 0.000000, 0.000000;;,
      5;3; 0.000000, 0.000000, 0.000000;;,
      6;3; 0.000000, 0.000000, 0.000000;;,
      7;3; 0.000000, 0.000000, 0.000000;;,
      8;3; 0.000000, 0.000000, 0.000000;;,
      9;3; 0.000000, 0.000000, 0.000000;;,
      10;3; 0.000000, 0.000000, 0.000000;;,
      11;3; 0.000000, 0.000000, 0.000000;;,
      12;3; 0.000000, 0.000000, 0.000000;;,
      13;3; 0.000000, 0.000000, 0.000000;;,
      14;3; 0.000000, 0.000000, 0.000000;;,
      15;3; 0.000000, 0.000000, 0.000000;;,
      16;3; 0.000000, 0.000000, 0.000000;;,
      17;3; 0.000000, 0.000000, 0.000000;;,
      18;3; 0.000000, 0.000000, 0.000000;;,
      19;3; 0.000000, 0.000000, 0.000000;;,
      20;3; 0.000000, 0.000000, 0.000000;;,
      21;3; 0.000000, 0.000000, 0.000000;;,
      22;3; 0.000000, 0.000000, 0.000000;;,
      23;3; 0.000000, 0.000000, 0.000000;;,
      24;3; 0.000000, 0.000000, 0.000000;;,
      25;3; 0.000000, 0.000000, 0.000000;;,
      26;3; 0.000000, 0.000000, 0.000000;;,
      27;3; 0.000000, 0.000000, 0.000000;;,
      28;3; 0.000000, 0.000000, 0.000000;;,
      29;3; 0.000000, 0.000000, 0.000000;;,
      30;3; 0.000000, 0.000000, 0.000000;;,
      31;3; 0.000000, 0.000000, 0.000000;;,
