xof 0303txt 0032

template XSkinMeshHeader {
  <3cf169ce-ff7c-44ab-93c0-f78f62d172e2>
  WORD nMaxSkinWeightsPerVertex;
  WORD nMaxSkinWeightsPerFace;
  WORD nBones;
}

template SkinWeights {
  <6f0d123b-bad2-4167-a0d0-80224f25fabb>
  STRING transformNodeName;
  DWORD nWeights;
  array DWORD vertexIndices[nWeights];
  array float weights[nWeights];
  Matrix4x4 matrixOffset;
}

Frame Root {
  FrameTransformMatrix {
     1.000000, 0.000000, 0.000000, 0.000000,
     0.000000,-0.000000,-1.000000, 0.000000,
     0.000000, 1.000000,-0.000000, 0.000000,
     0.000000, 0.000000, 0.000000, 1.000000;;
  }
  Frame Armature {
    FrameTransformMatrix {
       0.100000, 0.000000, 0.000000, 0.000000,
       0.000000,-0.000000, 0.100000, 0.000000,
       0.000000,-0.100000,-0.000000, 0.000000,
       0.000000, 0.000000, 0.000000, 1.000000;;
    }
    Frame Armature_mixamorig_Hips {
      FrameTransformMatrix {
         0.999412, 0.024528,-0.023945, 0.000000,
        -0.024062, 0.999519, 0.019559, 0.000000,
         0.024413,-0.018972, 0.999522, 0.000000,
         3.954676,90.152100, 0.181936, 1.000000;;
      }
      Frame Armature_mixamorig_LeftUpLeg {
        FrameTransformMatrix {
          -0.992481,-0.005202, 0.122281, 0.000000,
          -0.008638,-0.993628,-0.112365, 0.000000,
           0.122094,-0.112586, 0.986053, 0.000000,
           9.789100,-5.875898,-0.583700, 1.000000;;
        }
        Frame Armature_mixamorig_LeftLeg {
          FrameTransformMatrix {
             0.998487,-0.042411,-0.034998, 0.000000,
             0.021038, 0.882697,-0.469472, 0.000000,
             0.050803, 0.468025, 0.882254, 0.000000,
            -0.000000,41.701996,-0.000000, 1.000000;;
          }
          Frame Armature_mixamorig_LeftFoot {
            FrameTransformMatrix {
               0.994089, 0.043583,-0.099434, 0.000000,
               0.084753, 0.260859, 0.961650, 0.000000,
               0.067850,-0.964393, 0.255623, 0.000000,
               0.000000,36.981026, 0.000003, 1.000000;;
            }
            Frame Armature_mixamorig_LeftToeBase {
              FrameTransformMatrix {
                 0.999593,-0.022337, 0.017757, 0.000000,
                -0.001504, 0.580158, 0.814502, 0.000000,
                -0.028495,-0.814197, 0.579888, 0.000000,
                -0.000001,16.700535, 0.000001, 1.000000;;
              }
              Frame Armature_mixamorig_LeftToe_End {
                FrameTransformMatrix {
                   1.000000,-0.000000,-0.000000, 0.000000,
                   0.000000, 1.000000, 0.000000, 0.000000,
                   0.000000,-0.000000, 1.000000, 0.000000,
                  -0.000001, 7.120427, 0.000000, 1.000000;;
                }
              } // End of Armature_mixamorig_LeftToe_End
            } // End of Armature_mixamorig_LeftToeBase
          } // End of Armature_mixamorig_LeftFoot
        } // End of Armature_mixamorig_LeftLeg
      } // End of Armature_mixamorig_LeftUpLeg
      Frame Armature_mixamorig_RightUpLeg {
        FrameTransformMatrix {
          -0.986042, 0.030759,-0.163618, 0.000000,
          -0.108847,-0.862771, 0.493713, 0.000000,
          -0.125987, 0.504659, 0.854024, 0.000000,
          -9.857699,-5.875898,-0.583700, 1.000000;;
        }
        Frame Armature_mixamorig_RightLeg {
          FrameTransformMatrix {
             0.999659,-0.018339,-0.018560, 0.000000,
             0.015594, 0.990236,-0.138523, 0.000000,
             0.020919, 0.138186, 0.990185, 0.000000,
            -0.000001,41.702011,-0.000001, 1.000000;;
          }
          Frame Armature_mixamorig_RightFoot {
            FrameTransformMatrix {
               0.985349, 0.170206, 0.010801, 0.000000,
              -0.131593, 0.718471, 0.682996, 0.000000,
               0.108490,-0.674411, 0.730343, 0.000000,
              -0.000000,36.981026, 0.000001, 1.000000;;
            }
            Frame Armature_mixamorig_RightToeBase {
              FrameTransformMatrix {
                 0.985667,-0.053496, 0.159996, 0.000000,
                -0.071366, 0.727132, 0.682778, 0.000000,
                -0.152864,-0.684410, 0.712892, 0.000000,
                 0.000000,16.700539,-0.000001, 1.000000;;
              }
              Frame Armature_mixamorig_RightToe_End {
                FrameTransformMatrix {
                   1.000000, 0.000000, 0.000000, 0.000000,
                  -0.000000, 1.000000, 0.000000, 0.000000,
                  -0.000000,-0.000000, 1.000000, 0.000000,
                  -0.000001, 7.120429,-0.000001, 1.000000;;
                }
              } // End of Armature_mixamorig_RightToe_End
            } // End of Armature_mixamorig_RightToeBase
          } // End of Armature_mixamorig_RightFoot
        } // End of Armature_mixamorig_RightLeg
      } // End of Armature_mixamorig_RightUpLeg
      Frame Armature_mixamorig_Spine {
        FrameTransformMatrix {
           0.967018, 0.003602, 0.254684, 0.000000,
          -0.060213, 0.974792, 0.214838, 0.000000,
          -0.247490,-0.223088, 0.942858, 0.000000,
           0.017300,10.574801,-1.117200, 1.000000;;
        }
        Frame Armature_mixamorig_Spine1 {
          FrameTransformMatrix {
             0.997527,-0.014329, 0.068805, 0.000000,
             0.012584, 0.999590, 0.025724, 0.000000,
            -0.069145,-0.024795, 0.997298, 0.000000,
             0.000000,12.405994, 0.000000, 1.000000;;
          }
          Frame Armature_mixamorig_Spine2 {
            FrameTransformMatrix {
               0.997585,-0.010914, 0.068594, 0.000000,
               0.001891, 0.991479, 0.130254, 0.000000,
              -0.069431,-0.129810, 0.989105, 0.000000,
               0.000000,14.178310,-0.000002, 1.000000;;
            }
            Frame Armature_mixamorig_LeftShoulder {
              FrameTransformMatrix {
                 0.322579,-0.001349,-0.946541, 0.000000,
                 0.946440,-0.014263, 0.322565, 0.000000,
                -0.013936,-0.999897,-0.003325, 0.000000,
                 5.934999,13.670204,-1.662609, 1.000000;;
              }
              Frame Armature_mixamorig_LeftArm {
                FrameTransformMatrix {
                   0.967244, 0.101546, 0.232654, 0.000000,
                  -0.211788, 0.828079, 0.519068, 0.000000,
                  -0.139947,-0.551339, 0.822460, 0.000000,
                  -0.000007,12.607893, 0.000012, 1.000000;;
                }
                Frame Armature_mixamorig_LeftForeArm {
                  FrameTransformMatrix {
                    -0.089616, 0.857889, 0.505959, 0.000000,
                    -0.994723,-0.051617,-0.088665, 0.000000,
                    -0.049949,-0.511235, 0.857988, 0.000000,
                    -0.000002,25.574306, 0.000005, 1.000000;;
                  }
                  Frame Armature_mixamorig_LeftHand {
                    FrameTransformMatrix {
                       0.995925, 0.090010, 0.005565, 0.000000,
                      -0.090104, 0.995733, 0.019916, 0.000000,
                      -0.003749,-0.020337, 0.999786, 0.000000,
                      -0.000013,21.603403, 0.000001, 1.000000;;
                    }
                    Frame Armature_mixamorig_LeftHandIndex1 {
                      FrameTransformMatrix {
                         0.987644, 0.141857, 0.066597, 0.000000,
                        -0.086894, 0.142062, 0.986036, 0.000000,
                         0.130416,-0.979640, 0.152634, 0.000000,
                        -2.341900, 9.909702,-0.291398, 1.000000;;
                      }
                      Frame Armature_mixamorig_LeftHandIndex2 {
                        FrameTransformMatrix {
                           0.997048, 0.076775,-0.000005, 0.000000,
                          -0.029830, 0.387451, 0.921408, 0.000000,
                           0.070743,-0.918688, 0.388597, 0.000000,
                           0.000010, 3.776701,-0.000002, 1.000000;;
                        }
                        Frame Armature_mixamorig_LeftHandIndex3 {
                          FrameTransformMatrix {
                             0.999419,-0.011522,-0.032077, 0.000000,
                             0.034081, 0.349332, 0.936379, 0.000000,
                             0.000417,-0.936928, 0.349522, 0.000000,
                             0.000001, 2.543000,-0.000001, 1.000000;;
                          }
                          Frame Armature_mixamorig_LeftHandIndex4 {
                            FrameTransformMatrix {
                               1.000000, 0.000000, 0.000000, 0.000000,
                              -0.000000, 1.000000,-0.000000, 0.000000,
                               0.000000,-0.000000, 1.000000, 0.000000,
                               0.000002, 2.529098, 0.000002, 1.000000;;
                            }
                          } // End of Armature_mixamorig_LeftHandIndex4
                        } // End of Armature_mixamorig_LeftHandIndex3
                      } // End of Armature_mixamorig_LeftHandIndex2
                    } // End of Armature_mixamorig_LeftHandIndex1
                    Frame Armature_mixamorig_LeftHandMiddle1 {
                      FrameTransformMatrix {
                         0.994570,-0.037159, 0.097206, 0.000000,
                        -0.095788, 0.038217, 0.994668, 0.000000,
                        -0.040676,-0.998578, 0.034450, 0.000000,
                         0.000001, 9.700802, 0.000002, 1.000000;;
                      }
                      Frame Armature_mixamorig_LeftHandMiddle2 {
                        FrameTransformMatrix {
                           0.996324, 0.085654, 0.001413, 0.000000,
                          -0.021543, 0.234561, 0.971862, 0.000000,
                           0.082912,-0.968320, 0.235544, 0.000000,
                           0.000000, 4.014608,-0.000000, 1.000000;;
                        }
                        Frame Armature_mixamorig_LeftHandMiddle3 {
                          FrameTransformMatrix {
                             0.999616,-0.009072,-0.026175, 0.000000,
                             0.027646, 0.386784, 0.921756, 0.000000,
                             0.001762,-0.922126, 0.386886, 0.000000,
                             0.000006, 2.996706,-0.000000, 1.000000;;
                          }
                          Frame Armature_mixamorig_LeftHandMiddle4 {
                            FrameTransformMatrix {
                               1.000000,-0.000000,-0.000000, 0.000000,
                               0.000000, 1.000000,-0.000000, 0.000000,
                              -0.000000, 0.000000, 1.000000, 0.000000,
                               0.000002, 2.824989,-0.000004, 1.000000;;
                            }
                          } // End of Armature_mixamorig_LeftHandMiddle4
                        } // End of Armature_mixamorig_LeftHandMiddle3
                      } // End of Armature_mixamorig_LeftHandMiddle2
                    } // End of Armature_mixamorig_LeftHandMiddle1
                    Frame Armature_mixamorig_LeftHandPinky1 {
                      FrameTransformMatrix {
                         0.977795,-0.139239, 0.156616, 0.000000,
                        -0.147493, 0.073653, 0.986317, 0.000000,
                        -0.148869,-0.987516, 0.051481, 0.000000,
                         4.712702, 8.985508,-0.221602, 1.000000;;
                      }
                      Frame Armature_mixamorig_LeftHandPinky2 {
                        FrameTransformMatrix {
                           0.999999, 0.001404, 0.000808, 0.000000,
                          -0.001171, 0.281328, 0.959611, 0.000000,
                           0.001120,-0.959610, 0.281329, 0.000000,
                           0.000001, 3.562500, 0.000000, 1.000000;;
                        }
                        Frame Armature_mixamorig_LeftHandPinky3 {
                          FrameTransformMatrix {
                             0.999999, 0.000931, 0.000576, 0.000000,
                            -0.001046, 0.656195, 0.754590, 0.000000,
                             0.000324,-0.754590, 0.656196, 0.000000,
                            -0.000017, 2.335200,-0.000000, 1.000000;;
                          }
                          Frame Armature_mixamorig_LeftHandPinky4 {
                            FrameTransformMatrix {
                               1.000000, 0.000000, 0.000000, 0.000000,
                              -0.000000, 1.000000, 0.000000, 0.000000,
                               0.000000,-0.000000, 1.000000, 0.000000,
                               0.000000, 2.037299, 0.000003, 1.000000;;
                            }
                          } // End of Armature_mixamorig_LeftHandPinky4
                        } // End of Armature_mixamorig_LeftHandPinky3
                      } // End of Armature_mixamorig_LeftHandPinky2
                    } // End of Armature_mixamorig_LeftHandPinky1
                    Frame Armature_mixamorig_LeftHandRing1 {
                      FrameTransformMatrix {
                         0.994688,-0.069143, 0.076250, 0.000000,
                        -0.077958,-0.022347, 0.996706, 0.000000,
                        -0.067211,-0.997356,-0.027619, 0.000000,
                         2.241702, 9.308407,-0.143492, 1.000000;;
                      }
                      Frame Armature_mixamorig_LeftHandRing2 {
                        FrameTransformMatrix {
                           0.999732, 0.012297, 0.019595, 0.000000,
                          -0.023083, 0.473895, 0.880279, 0.000000,
                           0.001539,-0.880495, 0.474052, 0.000000,
                          -0.000001, 4.019392, 0.000005, 1.000000;;
                        }
                        Frame Armature_mixamorig_LeftHandRing3 {
                          FrameTransformMatrix {
                             0.999788,-0.020477, 0.002170, 0.000000,
                             0.004057, 0.299164, 0.954193, 0.000000,
                            -0.020188,-0.953982, 0.299183, 0.000000,
                            -0.000004, 2.790812, 0.000002, 1.000000;;
                          }
                          Frame Armature_mixamorig_LeftHandRing4 {
                            FrameTransformMatrix {
                               1.000000,-0.000000,-0.000000, 0.000000,
                               0.000000, 1.000000,-0.000000, 0.000000,
                               0.000000, 0.000000, 1.000000, 0.000000,
                               0.000003, 2.540698, 0.000000, 1.000000;;
                            }
                          } // End of Armature_mixamorig_LeftHandRing4
                        } // End of Armature_mixamorig_LeftHandRing3
                      } // End of Armature_mixamorig_LeftHandRing2
                    } // End of Armature_mixamorig_LeftHandRing1
                    Frame Armature_mixamorig_LeftHandThumb1 {
                      FrameTransformMatrix {
                         0.857894, 0.512731, 0.033535, 0.000000,
                        -0.403426, 0.631711, 0.661958, 0.000000,
                         0.318222,-0.581419, 0.748790, 0.000000,
                        -2.370402, 3.545604, 1.908199, 1.000000;;
                      }
                      Frame Armature_mixamorig_LeftHandThumb2 {
                        FrameTransformMatrix {
                           0.922665,-0.322729,-0.211036, 0.000000,
                           0.321922, 0.945956,-0.039144, 0.000000,
                           0.212264,-0.031820, 0.976694, 0.000000,
                          -0.000001, 2.808397, 0.000009, 1.000000;;
                        }
                        Frame Armature_mixamorig_LeftHandThumb3 {
                          FrameTransformMatrix {
                             0.587238, 0.026381,-0.808984, 0.000000,
                             0.434975, 0.832597, 0.342897, 0.000000,
                             0.682604,-0.553250, 0.477458, 0.000000,
                             0.000004, 2.379000, 0.000012, 1.000000;;
                          }
                          Frame Armature_mixamorig_LeftHandThumb4 {
                            FrameTransformMatrix {
                               1.000000,-0.000000, 0.000000, 0.000000,
                               0.000000, 1.000000,-0.000000, 0.000000,
                               0.000000, 0.000000, 1.000000, 0.000000,
                              -0.000003, 2.445004, 0.000006, 1.000000;;
                            }
                          } // End of Armature_mixamorig_LeftHandThumb4
                        } // End of Armature_mixamorig_LeftHandThumb3
                      } // End of Armature_mixamorig_LeftHandThumb2
                    } // End of Armature_mixamorig_LeftHandThumb1
                  } // End of Armature_mixamorig_LeftHand
                } // End of Armature_mixamorig_LeftForeArm
              } // End of Armature_mixamorig_LeftArm
            } // End of Armature_mixamorig_LeftShoulder
            Frame Armature_mixamorig_Neck {
              FrameTransformMatrix {
                 0.996102,-0.072683,-0.049989, 0.000000,
                 0.077943, 0.990545, 0.112897, 0.000000,
                 0.041310,-0.116353, 0.992348, 0.000000,
                 0.024399,15.862302,-1.675810, 1.000000;;
              }
              Frame Armature_mixamorig_Head {
                FrameTransformMatrix {
                   0.970831, 0.007689,-0.239642, 0.000000,
                  -0.081422, 0.950662,-0.299353, 0.000000,
                   0.225517, 0.310134, 0.923558, 0.000000,
                   0.000000, 5.564001, 0.988095, 1.000000;;
                }
                Frame Armature_mixamorig_HeadTop_End {
                  FrameTransformMatrix {
                     1.000000, 0.000000, 0.000000, 0.000000,
                    -0.000000, 1.000000,-0.000000, 0.000000,
                     0.000000, 0.000000, 1.000000, 0.000000,
                     0.000001,18.311897, 3.086901, 1.000000;;
                  }
                } // End of Armature_mixamorig_HeadTop_End
                Frame Armature_mixamorig_LeftEye {
                  FrameTransformMatrix {
                    -0.000000, 0.000000,-1.000000, 0.000000,
                     1.000000,-0.000000,-0.000000, 0.000000,
                    -0.000000,-1.000000, 0.000000, 0.000000,
                     2.284401, 7.935712, 7.063699, 1.000000;;
                  }
                } // End of Armature_mixamorig_LeftEye
                Frame Armature_mixamorig_RightEye {
                  FrameTransformMatrix {
                     0.000000,-0.000000, 1.000000, 0.000000,
                    -1.000000, 0.000000,-0.000000, 0.000000,
                    -0.000000,-1.000000, 0.000000, 0.000000,
                    -2.377499, 7.935722, 7.063699, 1.000000;;
                  }
                } // End of Armature_mixamorig_RightEye
              } // End of Armature_mixamorig_Head
            } // End of Armature_mixamorig_Neck
            Frame Armature_mixamorig_RightShoulder {
              FrameTransformMatrix {
                -0.106410,-0.016734, 0.994181, 0.000000,
                -0.984355,-0.139445,-0.107706, 0.000000,
                 0.140436,-0.990088,-0.001633, 0.000000,
                -5.935001,13.670591,-1.662606, 1.000000;;
              }
              Frame Armature_mixamorig_RightArm {
                FrameTransformMatrix {
                   0.979470, 0.047466, 0.195924, 0.000000,
                  -0.171632, 0.706141, 0.686956, 0.000000,
                  -0.105742,-0.706479, 0.699790, 0.000000,
                  -0.000003,12.607898, 0.000002, 1.000000;;
                }
                Frame Armature_mixamorig_RightForeArm {
                  FrameTransformMatrix {
                     0.049215,-0.946866,-0.317841, 0.000000,
                     0.992594, 0.081755,-0.089856, 0.000000,
                     0.111067,-0.311065, 0.943877, 0.000000,
                    -0.000010,25.574308,-0.000004, 1.000000;;
                  }
                  Frame Armature_mixamorig_RightHand {
                    FrameTransformMatrix {
                       0.979925,-0.196903,-0.031255, 0.000000,
                       0.197218, 0.934407, 0.296629, 0.000000,
                      -0.029203,-0.296838, 0.954481, 0.000000,
                       0.000002,21.603401,-0.000007, 1.000000;;
                    }
                    Frame Armature_mixamorig_RightHandIndex1 {
                      FrameTransformMatrix {
                         0.998896, 0.046618,-0.005777, 0.000000,
                        -0.017841, 0.490255, 0.871396, 0.000000,
                         0.043455,-0.870331, 0.490546, 0.000000,
                         2.341909, 9.909706,-0.290994, 1.000000;;
                      }
                      Frame Armature_mixamorig_RightHandIndex2 {
                        FrameTransformMatrix {
                           0.997035,-0.076955,-0.000100, 0.000000,
                           0.030452, 0.393351, 0.918884, 0.000000,
                          -0.070673,-0.916162, 0.394528, 0.000000,
                           0.000009, 3.776793,-0.000002, 1.000000;;
                        }
                        Frame Armature_mixamorig_RightHandIndex3 {
                          FrameTransformMatrix {
                             0.999421, 0.007205, 0.033239, 0.000000,
                            -0.032289, 0.508096, 0.860695, 0.000000,
                            -0.010687,-0.861270, 0.508035, 0.000000,
                             0.000002, 2.543006,-0.000002, 1.000000;;
                          }
                          Frame Armature_mixamorig_RightHandIndex4 {
                            FrameTransformMatrix {
                               1.000000,-0.000000, 0.000000, 0.000000,
                               0.000000, 1.000000,-0.000000, 0.000000,
                              -0.000000, 0.000000, 1.000000, 0.000000,
                               0.000017, 2.529007,-0.000001, 1.000000;;
                            }
                          } // End of Armature_mixamorig_RightHandIndex4
                        } // End of Armature_mixamorig_RightHandIndex3
                      } // End of Armature_mixamorig_RightHandIndex2
                    } // End of Armature_mixamorig_RightHandIndex1
                    Frame Armature_mixamorig_RightHandMiddle1 {
                      FrameTransformMatrix {
                         0.999764, 0.002181,-0.021598, 0.000000,
                         0.019300, 0.366137, 0.930361, 0.000000,
                         0.009937,-0.930559, 0.366008, 0.000000,
                         0.000013, 9.700705, 0.000002, 1.000000;;
                      }
                      Frame Armature_mixamorig_RightHandMiddle2 {
                        FrameTransformMatrix {
                           0.996312,-0.085781,-0.001741, 0.000000,
                           0.010060, 0.096643, 0.995268, 0.000000,
                          -0.085207,-0.991616, 0.097150, 0.000000,
                           0.000010, 4.014696, 0.000002, 1.000000;;
                        }
                        Frame Armature_mixamorig_RightHandMiddle3 {
                          FrameTransformMatrix {
                             0.999608, 0.023162, 0.015753, 0.000000,
                            -0.028001, 0.841772, 0.539106, 0.000000,
                            -0.000774,-0.539335, 0.842091, 0.000000,
                             0.000001, 2.996707, 0.000003, 1.000000;;
                          }
                          Frame Armature_mixamorig_RightHandMiddle4 {
                            FrameTransformMatrix {
                               1.000000, 0.000000,-0.000000, 0.000000,
                               0.000000, 1.000000, 0.000000, 0.000000,
                              -0.000000, 0.000000, 1.000000, 0.000000,
                               0.000014, 2.824998, 0.000004, 1.000000;;
                            }
                          } // End of Armature_mixamorig_RightHandMiddle4
                        } // End of Armature_mixamorig_RightHandMiddle3
                      } // End of Armature_mixamorig_RightHandMiddle2
                    } // End of Armature_mixamorig_RightHandMiddle1
                    Frame Armature_mixamorig_RightHandPinky1 {
                      FrameTransformMatrix {
                         0.997885,-0.002678,-0.064948, 0.000000,
                         0.064982, 0.066707, 0.995654, 0.000000,
                         0.001666,-0.997769, 0.066740, 0.000000,
                        -4.712690, 8.985512,-0.221004, 1.000000;;
                      }
                      Frame Armature_mixamorig_RightHandPinky2 {
                        FrameTransformMatrix {
                           0.999999,-0.001157,-0.000705, 0.000000,
                           0.001249, 0.585402, 0.810742, 0.000000,
                          -0.000525,-0.810742, 0.585403, 0.000000,
                           0.000007, 3.562500, 0.000007, 1.000000;;
                        }
                        Frame Armature_mixamorig_RightHandPinky3 {
                          FrameTransformMatrix {
                             1.000000,-0.000684,-0.000063, 0.000000,
                             0.000641, 0.897246, 0.441531, 0.000000,
                            -0.000246,-0.441530, 0.897246, 0.000000,
                             0.000001, 2.335204,-0.000005, 1.000000;;
                          }
                          Frame Armature_mixamorig_RightHandPinky4 {
                            FrameTransformMatrix {
                               1.000000,-0.000000, 0.000000, 0.000000,
                               0.000000, 1.000000,-0.000000, 0.000000,
                              -0.000000, 0.000000, 1.000000, 0.000000,
                               0.000004, 2.037298,-0.000002, 1.000000;;
                            }
                          } // End of Armature_mixamorig_RightHandPinky4
                        } // End of Armature_mixamorig_RightHandPinky3
                      } // End of Armature_mixamorig_RightHandPinky2
                    } // End of Armature_mixamorig_RightHandPinky1
                    Frame Armature_mixamorig_RightHandRing1 {
                      FrameTransformMatrix {
                         0.997085, 0.075793, 0.008769, 0.000000,
                        -0.022642, 0.184182, 0.982631, 0.000000,
                         0.072861,-0.979966, 0.185362, 0.000000,
                        -2.241694, 9.308413,-0.142994, 1.000000;;
                      }
                      Frame Armature_mixamorig_RightHandRing2 {
                        FrameTransformMatrix {
                           0.999715,-0.020173,-0.012792, 0.000000,
                           0.018099, 0.290192, 0.956797, 0.000000,
                          -0.015589,-0.956756, 0.290475, 0.000000,
                          -0.000001, 4.019397, 0.000001, 1.000000;;
                        }
                        Frame Armature_mixamorig_RightHandRing3 {
                          FrameTransformMatrix {
                             0.999784, 0.020749,-0.001188, 0.000000,
                            -0.015351, 0.775810, 0.630780, 0.000000,
                             0.014010,-0.630626, 0.775961, 0.000000,
                            -0.000002, 2.790810,-0.000006, 1.000000;;
                          }
                          Frame Armature_mixamorig_RightHandRing4 {
                            FrameTransformMatrix {
                               1.000000, 0.000000, 0.000000, 0.000000,
                              -0.000000, 1.000000, 0.000000, 0.000000,
                               0.000000,-0.000000, 1.000000, 0.000000,
                               0.000003, 2.540697,-0.000001, 1.000000;;
                            }
                          } // End of Armature_mixamorig_RightHandRing4
                        } // End of Armature_mixamorig_RightHandRing3
                      } // End of Armature_mixamorig_RightHandRing2
                    } // End of Armature_mixamorig_RightHandRing1
                    Frame Armature_mixamorig_RightHandThumb1 {
                      FrameTransformMatrix {
                         0.976735,-0.103502, 0.187820, 0.000000,
                        -0.095349, 0.574893, 0.812654, 0.000000,
                        -0.192088,-0.811656, 0.551650, 0.000000,
                         2.370408, 3.545610, 1.909009, 1.000000;;
                      }
                      Frame Armature_mixamorig_RightHandThumb2 {
                        FrameTransformMatrix {
                           0.951150, 0.004182, 0.308702, 0.000000,
                           0.056200, 0.980856,-0.186447, 0.000000,
                          -0.303572, 0.194688, 0.932706, 0.000000,
                           0.000001, 2.807994, 0.000003, 1.000000;;
                        }
                        Frame Armature_mixamorig_RightHandThumb3 {
                          FrameTransformMatrix {
                             0.924312, 0.233955,-0.301518, 0.000000,
                            -0.302984, 0.930240,-0.207011, 0.000000,
                             0.232053, 0.282697, 0.930717, 0.000000,
                            -0.000000, 2.379013,-0.000002, 1.000000;;
                          }
                          Frame Armature_mixamorig_RightHandThumb4 {
                            FrameTransformMatrix {
                               1.000000, 0.000000,-0.000000, 0.000000,
                              -0.000000, 1.000000,-0.000000, 0.000000,
                              -0.000000, 0.000000, 1.000000, 0.000000,
                               0.000005, 2.445291, 0.000001, 1.000000;;
                            }
                          } // End of Armature_mixamorig_RightHandThumb4
                        } // End of Armature_mixamorig_RightHandThumb3
                      } // End of Armature_mixamorig_RightHandThumb2
                    } // End of Armature_mixamorig_RightHandThumb1
                  } // End of Armature_mixamorig_RightHand
                } // End of Armature_mixamorig_RightForeArm
              } // End of Armature_mixamorig_RightArm
            } // End of Armature_mixamorig_RightShoulder
          } // End of Armature_mixamorig_Spine2
        } // End of Armature_mixamorig_Spine1
      } // End of Armature_mixamorig_Spine
    } // End of Armature_mixamorig_Hips
  } // End of Armature
} // End of Root
AnimationSet Global {
  Animation {
    {Armature}
    AnimationKey { // Rotation
      0;
      66;
      0;4;-0.707107, 0.707107, 0.000000, 0.000000;;,
      1;4;-0.707107, 0.707107, 0.000000, 0.000000;;,
      2;4;-0.707107, 0.707107, 0.000000, 0.000000;;,
      3;4;-0.707107, 0.707107, 0.000000, 0.000000;;,
      4;4;-0.707107, 0.707107, 0.000000, 0.000000;;,
      5;4;-0.707107, 0.707107, 0.000000, 0.000000;;,
      6;4;-0.707107, 0.707107, 0.000000, 0.000000;;,
      7;4;-0.707107, 0.707107, 0.000000, 0.000000;;,
      8;4;-0.707107, 0.707107, 0.000000, 0.000000;;,
      9;4;-0.707107, 0.707107, 0.000000, 0.000000;;,
      10;4;-0.707107, 0.707107, 0.000000, 0.000000;;,
      11;4;-0.707107, 0.707107, 0.000000, 0.000000;;,
      12;4;-0.707107, 0.707107, 0.000000, 0.000000;;,
      13;4;-0.707107, 0.707107, 0.000000, 0.000000;;,
      14;4;-0.707107, 0.707107, 0.000000, 0.000000;;,
      15;4;-0.707107, 0.707107, 0.000000, 0.000000;;,
      16;4;-0.707107, 0.707107, 0.000000, 0.000000;;,
      17;4;-0.707107, 0.707107, 0.000000, 0.000000;;,
      18;4;-0.707107, 0.707107, 0.000000, 0.000000;;,
      19;4;-0.707107, 0.707107, 0.000000, 0.000000;;,
      20;4;-0.707107, 0.707107, 0.000000, 0.000000;;,
      21;4;-0.707107, 0.707107, 0.000000, 0.000000;;,
      22;4;-0.707107, 0.707107, 0.000000, 0.000000;;,
      23;4;-0.707107, 0.707107, 0.000000, 0.000000;;,
      24;4;-0.707107, 0.707107, 0.000000, 0.000000;;,
      25;4;-0.707107, 0.707107, 0.000000, 0.000000;;,
      26;4;-0.707107, 0.707107, 0.000000, 0.000000;;,
      27;4;-0.707107, 0.707107, 0.000000, 0.000000;;,
      28;4;-0.707107, 0.707107, 0.000000, 0.000000;;,
      29;4;-0.707107, 0.707107, 0.000000, 0.000000;;,
      30;4;-0.707107, 0.707107, 0.000000, 0.000000;;,
      31;4;-0.707107, 0.707107, 0.000000, 0.000000;;,
      32;4;-0.707107, 0.707107, 0.000000, 0.000000;;,
      33;4;-0.707107, 0.707107, 0.000000, 0.000000;;,
      34;4;-0.707107, 0.707107, 0.000000, 0.000000;;,
      35;4;-0.707107, 0.707107, 0.000000, 0.000000;;,
      36;4;-0.707107, 0.707107, 0.000000, 0.000000;;,
      37;4;-0.707107, 0.707107, 0.000000, 0.000000;;,
      38;4;-0.707107, 0.707107, 0.000000, 0.000000;;,
      39;4;-0.707107, 0.707107, 0.000000, 0.000000;;,
      40;4;-0.707107, 0.707107, 0.000000, 0.000000;;,
      41;4;-0.707107, 0.707107, 0.000000, 0.000000;;,
      42;4;-0.707107, 0.707107, 0.000000, 0.000000;;,
      43;4;-0.707107, 0.707107, 0.000000, 0.000000;;,
      44;4;-0.707107, 0.707107, 0.000000, 0.000000;;,
      45;4;-0.707107, 0.707107, 0.000000, 0.000000;;,
      46;4;-0.707107, 0.707107, 0.000000, 0.000000;;,
      47;4;-0.707107, 0.707107, 0.000000, 0.000000;;,
      48;4;-0.707107, 0.707107, 0.000000, 0.000000;;,
      49;4;-0.707107, 0.707107, 0.000000, 0.000000;;,
      50;4;-0.707107, 0.707107, 0.000000, 0.000000;;,
      51;4;-0.707107, 0.707107, 0.000000, 0.000000;;,
      52;4;-0.707107, 0.707107, 0.000000, 0.000000;;,
      53;4;-0.707107, 0.707107, 0.000000, 0.000000;;,
      54;4;-0.707107, 0.707107, 0.000000, 0.000000;;,
      55;4;-0.707107, 0.707107, 0.000000, 0.000000;;,
      56;4;-0.707107, 0.707107, 0.000000, 0.000000;;,
      57;4;-0.707107, 0.707107, 0.000000, 0.000000;;,
      58;4;-0.707107, 0.707107, 0.000000, 0.000000;;,
      59;4;-0.707107, 0.707107, 0.000000, 0.000000;;,
      60;4;-0.707107, 0.707107, 0.000000, 0.000000;;,
      61;4;-0.707107, 0.707107, 0.000000, 0.000000;;,
      62;4;-0.707107, 0.707107, 0.000000, 0.000000;;,
      63;4;-0.707107, 0.707107, 0.000000, 0.000000;;,
      64;4;-0.707107, 0.707107, 0.000000, 0.000000;;,
      65;4;-0.707107, 0.707107, 0.000000, 0.000000;;;
    }
    AnimationKey { // Scale
      1;
      66;
      0;3; 0.100000, 0.100000, 0.100000;;,
      1;3; 0.100000, 0.100000, 0.100000;;,
      2;3; 0.100000, 0.100000, 0.100000;;,
      3;3; 0.100000, 0.100000, 0.100000;;,
      4;3; 0.100000, 0.100000, 0.100000;;,
      5;3; 0.100000, 0.100000, 0.100000;;,
      6;3; 0.100000, 0.100000, 0.100000;;,
      7;3; 0.100000, 0.100000, 0.100000;;,
      8;3; 0.100000, 0.100000, 0.100000;;,
      9;3; 0.100000, 0.100000, 0.100000;;,
      10;3; 0.100000, 0.100000, 0.100000;;,
      11;3; 0.100000, 0.100000, 0.100000;;,
      12;3; 0.100000, 0.100000, 0.100000;;,
      13;3; 0.100000, 0.100000, 0.100000;;,
      14;3; 0.100000, 0.100000, 0.100000;;,
      15;3; 0.100000, 0.100000, 0.100000;;,
      16;3; 0.100000, 0.100000, 0.100000;;,
      17;3; 0.100000, 0.100000, 0.100000;;,
      18;3; 0.100000, 0.100000, 0.100000;;,
      19;3; 0.100000, 0.100000, 0.100000;;,
      20;3; 0.100000, 0.100000, 0.100000;;,
      21;3; 0.100000, 0.100000, 0.100000;;,
      22;3; 0.100000, 0.100000, 0.100000;;,
      23;3; 0.100000, 0.100000, 0.100000;;,
      24;3; 0.100000, 0.100000, 0.100000;;,
      25;3; 0.100000, 0.100000, 0.100000;;,
      26;3; 0.100000, 0.100000, 0.100000;;,
      27;3; 0.100000, 0.100000, 0.100000;;,
      28;3; 0.100000, 0.100000, 0.100000;;,
      29;3; 0.100000, 0.100000, 0.100000;;,
      30;3; 0.100000, 0.100000, 0.100000;;,
      31;3; 0.100000, 0.100000, 0.100000;;,
      32;3; 0.100000, 0.100000, 0.100000;;,
      33;3; 0.100000, 0.100000, 0.100000;;,
      34;3; 0.100000, 0.100000, 0.100000;;,
      35;3; 0.100000, 0.100000, 0.100000;;,
      36;3; 0.100000, 0.100000, 0.100000;;,
      37;3; 0.100000, 0.100000, 0.100000;;,
      38;3; 0.100000, 0.100000, 0.100000;;,
      39;3; 0.100000, 0.100000, 0.100000;;,
      40;3; 0.100000, 0.100000, 0.100000;;,
      41;3; 0.100000, 0.100000, 0.100000;;,
      42;3; 0.100000, 0.100000, 0.100000;;,
      43;3; 0.100000, 0.100000, 0.100000;;,
      44;3; 0.100000, 0.100000, 0.100000;;,
      45;3; 0.100000, 0.100000, 0.100000;;,
      46;3; 0.100000, 0.100000, 0.100000;;,
      47;3; 0.100000, 0.100000, 0.100000;;,
      48;3; 0.100000, 0.100000, 0.100000;;,
      49;3; 0.100000, 0.100000, 0.100000;;,
      50;3; 0.100000, 0.100000, 0.100000;;,
      51;3; 0.100000, 0.100000, 0.100000;;,
      52;3; 0.100000, 0.100000, 0.100000;;,
      53;3; 0.100000, 0.100000, 0.100000;;,
      54;3; 0.100000, 0.100000, 0.100000;;,
      55;3; 0.100000, 0.100000, 0.100000;;,
      56;3; 0.100000, 0.100000, 0.100000;;,
      57;3; 0.100000, 0.100000, 0.100000;;,
      58;3; 0.100000, 0.100000, 0.100000;;,
      59;3; 0.100000, 0.100000, 0.100000;;,
      60;3; 0.100000, 0.100000, 0.100000;;,
      61;3; 0.100000, 0.100000, 0.100000;;,
      62;3; 0.100000, 0.100000, 0.100000;;,
      63;3; 0.100000, 0.100000, 0.100000;;,
      64;3; 0.100000, 0.100000, 0.100000;;,
      65;3; 0.100000, 0.100000, 0.100000;;;
    }
    AnimationKey { // Position
      2;
      66;
      0;3; 0.000000, 0.000000, 0.000000;;,
      1;3; 0.000000, 0.000000, 0.000000;;,
      2;3; 0.000000, 0.000000, 0.000000;;,
      3;3; 0.000000, 0.000000, 0.000000;;,
      4;3; 0.000000, 0.000000, 0.000000;;,
      5;3; 0.000000, 0.000000, 0.000000;;,
      6;3; 0.000000, 0.000000, 0.000000;;,
      7;3; 0.000000, 0.000000, 0.000000;;,
      8;3; 0.000000, 0.000000, 0.000000;;,
      9;3; 0.000000, 0.000000, 0.000000;;,
      10;3; 0.000000, 0.000000, 0.000000;;,
      11;3; 0.000000, 0.000000, 0.000000;;,
      12;3; 0.000000, 0.000000, 0.000000;;,
      13;3; 0.000000, 0.000000, 0.000000;;,
      14;3; 0.000000, 0.000000, 0.000000;;,
      15;3; 0.000000, 0.000000, 0.000000;;,
      16;3; 0.000000, 0.000000, 0.000000;;,
      17;3; 0.000000, 0.000000, 0.000000;;,
      18;3; 0.000000, 0.000000, 0.000000;;,
      19;3; 0.000000, 0.000000, 0.000000;;,
      20;3; 0.000000, 0.000000, 0.000000;;,
      21;3; 0.000000, 0.000000, 0.000000;;,
      22;3; 0.000000, 0.000000, 0.000000;;,
      23;3; 0.000000, 0.000000, 0.000000;;,
      24;3; 0.000000, 0.000000, 0.000000;;,
      25;3; 0.000000, 0.000000, 0.000000;;,
      26;3; 0.000000, 0.000000, 0.000000;;,
      27;3; 0.000000, 0.000000, 0.000000;;,
      28;3; 0.000000, 0.000000, 0.000000;;,
      29;3; 0.000000, 0.000000, 0.000000;;,
      30;3; 0.000000, 0.000000, 0.000000;;,
      31;3; 0.000000, 0.000000, 0.000000;;,
      32;3; 0.000000, 0.000000, 0.000000;;,
      33;3; 0.000000, 0.000000, 0.000000;;,
      34;3; 0.000000, 0.000000, 0.000000;;,
      35;3; 0.000000, 0.000000, 0.000000;;,
      36;3; 0.000000, 0.000000, 0.000000;;,
      37;3; 0.000000, 0.000000, 0.000000;;,
      38;3; 0.000000, 0.000000, 0.000000;;,
      39;3; 0.000000, 0.000000, 0.000000;;,
      40;3; 0.000000, 0.000000, 0.000000;;,
      41;3; 0.000000, 0.000000, 0.000000;;,
      42;3; 0.000000, 0.000000, 0.000000;;,
      43;3; 0.000000, 0.000000, 0.000000;;,
      44;3; 0.000000, 0.000000, 0.000000;;,
      45;3; 0.000000, 0.000000, 0.000000;;,
      46;3; 0.000000, 0.000000, 0.000000;;,
      47;3; 0.000000, 0.000000, 0.000000;;,
      48;3; 0.000000, 0.000000, 0.000000;;,
      49;3; 0.000000, 0.000000, 0.000000;;,
      50;3; 0.000000, 0.000000, 0.000000;;,
      51;3; 0.000000, 0.000000, 0.000000;;,
      52;3; 0.000000, 0.000000, 0.000000;;,
      53;3; 0.000000, 0.000000, 0.000000;;,
      54;3; 0.000000, 0.000000, 0.000000;;,
      55;3; 0.000000, 0.000000, 0.000000;;,
      56;3; 0.000000, 0.000000, 0.000000;;,
      57;3; 0.000000, 0.000000, 0.000000;;,
      58;3; 0.000000, 0.000000, 0.000000;;,
      59;3; 0.000000, 0.000000, 0.000000;;,
      60;3; 0.000000, 0.000000, 0.000000;;,
      61;3; 0.000000, 0.000000, 0.000000;;,
      62;3; 0.000000, 0.000000, 0.000000;;,
      63;3; 0.000000, 0.000000, 0.000000;;,
